"","Date","Communication","Consumer_dis","Consumer_staple","Energy","Materials","Utilities","Real_estate","IT","Industrials","Healthcare","Financials"
"2","1/4/07",-0.00312709621230089,0.00361117127569521,0.00202595578921017,-0.0205482230480243,-0.00511652473812796,-0.000648683834079899,0.00129653109805905,0.0182404439195396,-0.000913199226363792,0.0110625688609698,-0.000457866814266739
"3","1/5/07",-0.014320664701025,-0.00915914061974155,-0.00855364102889244,0.00761786342005033,-0.00885715779523266,-0.0188260911958262,-0.0185180780490899,-0.00765059284395386,-0.00807426132978917,-0.00468931299806963,-0.0100758647388915
"4","1/8/07",0.00539662804768781,0.000660219306872989,0.00329410889121506,0.000619369741239106,0.0014415416007254,-0.00304357506765685,0.00145100375238849,0.00131635466751656,0.0030716311071961,0.0012213031090369,0.0038550599734819
"5","1/9/07",-0.00564275104347067,0.00511374933020936,0.000156296584589599,-0.0106511094560594,-0.00244667100372575,0.00252203593406986,0.012648111139302,0.00544597713388484,0.00290931823304863,-0.00209138537833775,-0.00168949751697833
"6","1/10/07",0.00442879525221884,0.00787793123512448,0.00656556055600488,-0.0140214578158705,0.00634813847488003,0.00251546811132464,0.0128807964862387,0.00635031714393586,0.000763448713825277,0.0026197738584226,0.00338547100886188
"7","1/11/07",0.0146066424658668,0.0128643189593625,0.00698853514632569,-0.00799861994496376,0.0129031310914351,-0.000132163110040273,0.0129735062695233,0.00853733882530849,0.0108313060946219,0.010451145994127,0.00705520386399749
"8","1/12/07",0.00461763146760252,0.00273309699097624,-0.000462402529498029,0.0257260398035488,0.0133051569777307,-0.00501927972452509,0.00317039506356753,0.00496880156900192,0.00316925869619999,0.00637828836423471,0.00182736747344281
"9","1/16/07",-0.001486830688187,0.00272572274552729,0.0018516199489873,-0.010357013350546,0.000419040942553295,0.0013278838854931,0.0141576534313979,-0.00329627316998404,0.00692035724864293,0.00222665807774791,0.00167246465968018
"10","1/17/07",-0.00771745777329103,-0.00111938051731075,-0.000770240131582445,0.0107175884999455,0.00279264386500433,0.00039754639322731,-0.000374018080088856,-0.0126765894510337,-0.00239054383302395,0.00461448983803758,-0.0028837433307034
"11","1/18/07",0.00614013469418251,0.00496238542933147,0.000770833858755315,-0.00760963599248876,-0.00473426455308823,-0.00225311310772791,-0.00124680283749112,-0.0187943649102242,-0.00374413832918319,0.0023820141526194,-0.00273969826292431
"12","1/19/07",0.00311882113252326,0,0.0023100415153281,0.0253927526432323,0.0128705382199288,0.00491466762439785,0.00998736496149277,0.000379448230428236,-0.000601319480017737,0.00203647608912583,0.00228952536658555
"13","1/22/07",-0.00216316298568908,-0.00557509588381078,-0.00322687135201838,-0.00318750691399949,-0.00911551711347025,-0.000793506198506599,-0.00840566070052573,-0.00853083851694558,-0.0109807949693494,-0.00643613725579462,-0.00182732587131862
"14","1/23/07",0.00596159411036057,0.00208259863104132,0.00231232276308657,0.0236132860137126,0.012544993808852,0.00383620089028969,0.00473718211835839,-0.00114723055236321,0.0107984931808702,-0.00375067143283125,0.000610381790371317
"15","1/24/07",0.0235690082119735,0.00559455034726009,0.00384511054569558,0.00600735916273254,0.012665357442178,0.00672035506993196,0.0130274679336706,0.0183767712312204,0.00120402232284467,0.0078713846451095,0.00884286590608641
"16","1/25/07",-0.00750007434668387,-0.0157369431753229,-0.00781363772288057,-0.0198255291259434,-0.00489401430764724,-0.00523544080488603,0.00612338921491751,-0.00902270661278093,-0.00916754919421137,-0.00594249218582288,0.0142057710658656
"17","1/26/07",0.00198847150909276,-0.0025837460766851,0.00123500879064053,0.00243677326284719,0.00163917533765212,0.00263142688556317,0.00328659588663882,0.00208677425777992,-0.00273033992610228,-0.00512363380187852,-0.0233945963841297
"18","1/29/07",0.000132481176865262,0.00210483028585773,0.00123410344525099,-0.004010864075223,-0.00177283100825643,0.000262560652677157,0.00327589174853471,0,0.00243359670413912,0.000515099563891397,-0.0027463861654774
"19","1/30/07",0.0108480385297833,0.001938904929629,0.000616044252309766,0.0208687266205363,0.00437208551589152,0.00301725773075545,0.00495859168995638,0.00529976932720722,0.0018205789750958,0.00463253484104809,0.0047429616014707
"20","1/31/07",0.00510415457981495,0.0114498198606283,0.00431021001843468,0.00514041322268,0.0118348378937483,0.00392428898030062,0.00794211959629254,0.00433074864156779,0.0127214550369419,0.00478249575677436,0.00730930348527514
"21","2/1/07",-0.00169281422155465,0.00398593493331312,0.00705102043887473,0.0103472717907087,0.00833577798671503,0.00925076501747979,0.00393991246434022,0.00018748056700324,0.0125617819334518,0.00832907973317853,0.00438399358277963
"22","2/2/07",0.00286930090309578,0.00238224499180273,-0.00136963864855266,0.00282528614740274,-0.00120003377416911,0.00451861670319098,0.00178369889631447,0.0011247358098132,0.00265836250974072,-0.00151720079214113,0.00421413126505432
"23","2/5/07",-0.00338130722254038,-0.000317048720842039,-0.00304835648915802,-0.00387373168809257,-0.00493926155256519,0.00822531579152797,0,0.000374259033254054,-0.00117844285647306,-0.000168865757047998,-0.0026975230966787
"24","2/6/07",-0.000130457222596858,0.000951057514585685,-0.000153219796708348,-0.00117832142786789,0.00617121839979018,0.00752078294833436,0.0147201027733408,-0.0016843356907098,0.00147473684208621,-0.00303950524281338,0.00691283106579399
"25","2/7/07",0.00326261488937241,0.00506618749792032,-0.00122314808829371,-0.00578097329494109,0.000933346377807176,0.00227670370432187,0.0209401151108495,0.00843639351084802,-0.00103089756745711,0.00220186928527943,0.00552241133488662
"26","2/8/07",0.00026023223879057,-0.0015751825338044,-0.0030617275003425,0.0119855745334394,-0.000932476054659181,0.00403977938407696,-0.00767711735766774,-0.000557694587411395,-0.00442198116986092,0.00135211219972309,-0.00638251661400902
"27","2/9/07",-0.0107946260059661,-0.00962428705935048,-0.00261057268605003,-0.0064497338596825,-0.00280014114963911,-0.000125584660262357,-0.0115473745022628,-0.0102308733498886,-0.0066629178987806,-0.00556948551244829,-0.0089634997811715
"28","2/12/07",-0.00736266648882122,-0.00589457507773017,0.000462010034656402,-0.0128644007799775,0.000668582113842797,-0.00113171404786816,-0.0181074060882099,-0.00451029516496348,0.0013415662492553,-0.00220641486686612,-0.00346706171289024
"29","2/13/07",0.0113908223462056,0.00849339755015865,0.00538631918342269,0.0137495148453084,0.0215126584329637,0.00843394488398141,0.0193932671433064,0.00226535442818898,0.00654975212298115,0.00289156553203251,0.00952996625153868
"30","2/14/07",0.00667878586114279,0.00587964533829033,0.00321435872162379,0.0033021774349542,0.00457855325523471,0.00274624546182456,-0.00711966638213224,0.0150686941713178,0.0143448395727777,0.00424009494048105,0.00704210686182849
"31","2/15/07",0.00221175658651984,0.00315948961198731,0.00518727875931013,-0.0106970891370739,0.00611934345283793,-0.00373489449854369,0.00740600582831208,0.00352579748225268,0.00145774980089963,0.00405357577343768,0.000297768723552805
"32","2/16/07",0.00168746530591291,0.000629915122968061,0.00197345094937718,-0.000237377827857377,0.00232951015643645,-0.000749296755270357,-0.00256712888011723,-0.00147928012416876,-0.00116443030713287,-0.00168226595367948,0.000743506585839437
"33","2/20/07",0.00168449072162713,0.00755418604200053,0.00469599756089067,-0.00760646574938373,0.00645570372842785,0.00475153802929995,0.00772060834072352,0.00425930907837935,0.00480958625343275,0.00101094235354315,0.00475581943723657
"34","2/21/07",0.00155231269527301,-0.000937097347423754,-0.00331711262340062,0.00958085586986734,0.0111611087698311,-0.00311124680621744,-0.00325027551910484,-0.00239737296566223,0.00101549548172031,-0.00269311690332208,-0.00325374372242637
"35","2/22/07",0.00167912666639558,-0.00343953377946937,-0.00363066586915217,0.0124553667028477,-0.00469411151439147,0.000874094420447058,-0.0053575144428325,0.00591524563766876,-0.00362275002328072,-0.00303794568661508,-0.00222624615081346
"36","2/23/07",-0.00270800095023493,-0.00156895928687451,-0.00288489690897709,0.00175751490490317,0.00191207236947655,0.00985390660302343,-0.0174471397600383,-0.00220518072658271,-0.00145402007346951,-0.00270876120142072,-0.0101149380374571
"37","2/26/07",0.00478418463611274,-0.00769965528461591,0.00152295891997611,0.00807028585429403,0.00687016173396926,0.0205041357655016,-0.00500587632451976,-0.00386723762481167,-0.00495201550159841,0.00203706837577911,-0.0073627029013742
"38","2/27/07",-0.0371894605528231,-0.0340458856469615,-0.0305613425949431,-0.0381716856299426,-0.0438462482697995,-0.0280803447657249,-0.0310213302252186,-0.0378998334802355,-0.0329334952452457,-0.0279519091988133,-0.0308810475870986
"39","2/28/07",0.0122960828128109,0.00442622017899907,0.00846938201106151,0.000120732390837652,0.008061312045333,0.00012454868751699,0.00741659545546147,0.00230594605789314,0.00681101313630972,0.00453126478777821,0.00328040053551315
"40","3/1/07",-0.0029044753237808,-0.00489615018050726,-0.000466680458997559,-0.000603079202011969,-0.00760382113389335,0.00410875533678179,-0.0100617321271627,-0.00460143278722691,-0.00466015164140066,-0.0055517588683045,-0.0028025408547494
"41","3/2/07",-0.0132417408821982,-0.00967702038023699,-0.0112025676271034,-0.0173787662476041,-0.016512680451727,-0.0155006501120345,-0.0158650038972086,-0.0140597879607277,-0.0107234680864557,-0.00959507205933086,-0.00983630839343685
"42","3/5/07",-0.0187868264501295,-0.0097715801605982,-0.00786779036707752,-0.0122823139839268,-0.0142374315257104,-0.0137300473415766,-0.0389167697058198,-0.00703283848360636,-0.00946565062975213,-0.00704598469422524,-0.0200248259672084
"43","3/6/07",0.0160011829684583,0.0117077756765975,0.0128469602206565,0.0200200817440463,0.0211200236865534,0.014432027799945,0.0366925548958736,0.0171159771784315,0.0114056059507748,0.0124178253425737,0.0236521930878555
"44","3/7/07",-0.00794197954622289,0.000330600848429619,-0.00360162167100786,0.0148730620226916,-0.00280219562186557,0.000628966330180836,-0.0140310284886899,-0.00425538804126657,0.000304745707056409,-0.00210266080901234,-0.00691576750972567
"45","3/8/07",0.0124830822594402,0.00958512820416413,0.00738647160411943,0.0042037275063278,0.0128461341764607,0.000755137305955556,0.0160254565211733,0.00388491209078468,0.00594152179021235,0.00333622083040019,0.00791364075963141
"46","3/9/07",0.00308211873077724,0.000327565030191712,0.00280783960370212,-0.00119585111789189,0.00475622467895431,0.00352030042609419,0.0132491293501045,0.00251549033089971,0.00166589992338806,0.00472527575246517,0.00392599747501832
"47","3/12/07",0.00627936144510666,-0.000327457766478578,0.00202257208904144,-0.00419137226360355,0.00736374651840732,0.0088949649832597,0.00498117208952942,0.00656245018638457,0.00680372952871244,-0.00191596800817961,-0.000781987025912589
"48","3/13/07",-0.0134095727472463,-0.0175149480461091,-0.0145938793512224,-0.0126281044560013,-0.0248010157276695,-0.0130388567105071,-0.0235436541454291,-0.0178330381952673,-0.0192221076122907,-0.0132634956115297,-0.0299001933806732
"49","3/14/07",0.00148034071386061,-0.00249933277070935,0.00204804668357794,0.0135199425073447,0.00682640478091567,0.00641701875015044,0.0048222428757787,0.0103476091716466,0.00413423854793193,0.000707364273985656,0.00597092852011394
"50","3/15/07",0.00268754475432798,0.00517796735868425,0.00676095849584502,-0.00216294698389785,0.0154211865975362,0.0126267535236748,0.00896697369573785,0.000772832824042613,0.00625170025547495,0.00441870788663978,0.00946414190365741
"51","3/16/07",-0.0013401998260244,-0.0041543241475448,-0.00109317213637283,-0.00831048556530967,-0.010080781047914,-0.00629652192203478,-0.0111401926194694,-0.0011587015825667,-0.00272757713003335,-0.00404731709222483,-0.00699175987037115
"52","3/19/07",0.0104670411792314,0.0106790810653825,0.005002973477781,0.018217032108701,0.0182512814552802,0.012175267718747,0.00999971516759768,0.00676604538908077,0.0110928140864246,0.0104238070642104,0.00976145559868802
"53","3/20/07",0.00597594485168607,0.0100710162920914,0.010578875750233,0.0054869926791612,0.00389666442146641,0.0111697752689357,0.00401057120222137,0.00422425259256154,0.00435792036589344,0.0062950011955103,0.00808242136426784
"54","3/21/07",0.0149175500062342,0.0142204405990281,0.0104680729665707,0.0179119455093719,0.0134557886462712,0.0144452557886208,0.0121082914110675,0.020076523911001,0.013766361945847,0.010773186351706,0.0231095459032897
"55","3/22/07",0.00429246978551934,0.000160936702640502,0.00304688226861716,0.017597216211338,-0.00191480646426345,-0.00143573667470187,0.000986890745422686,-0.0035613365438677,-0.000885567325211167,0.00206281626603544,-0.00568541331344963
"56","3/23/07",-0.0032379664475104,0.00112830317145463,0.000607212963706694,0.00641288366322867,0.00243007790625915,0.00419427169322883,0.000616101230741517,-0.00206933252249109,0.0072388051143355,-0.00291636942998541,0.00216354781646455
"57","3/26/07",-0.00259871240221721,-0.00241435838217408,-0.000910489749853305,0.00660023939938337,0.00663502454256815,0.00339651020658138,-0.0160141759517959,0.00358145505083463,-0.00557343230344465,0.00240858545478018,-0.00382316695800045
"58","3/27/07",-0.00169348840680161,-0.00693780029243896,-0.00577348277814982,0.000678154096090955,-0.00874612391804552,0.000837392215729427,-0.0104465622822925,-0.00582247661969548,-0.00619469137872963,-0.00686539228175898,-0.00761354097738931
"59","3/28/07",-0.0109617828809814,-0.0094230745706515,-0.00106955702960387,-0.00214636789082834,-0.00895151500109592,-0.000717283860836249,-0.00661435757801931,-0.00850206054491409,-0.0102402038967336,-0.00535784749789392,-0.0108030079961802
"60","3/29/07",0.00712478190103605,0.00180410482319893,0.00229463626601745,0.00883045821593842,0.00270974835937765,0.0022725434061055,0.00166476278283145,-0.00209591020223865,0.00314882360475033,0.00121629396325473,0.0047483557916026
"61","3/30/07",0.00458511097125913,0.00032731139504083,0.00198415093059467,-0.0106609276287208,0.000643328362104789,-0.0056087472437979,0.0143168385153285,0.000191017548029526,-0.00149479650918027,0.00329749059443207,-0.000630302312749076
"62","4/2/07",0.00482559153074202,0.00409177160176499,0.00517883209250614,0.0102086423697025,0.00488689995586156,0.0188410030632995,0.00630163994593658,0.00305458022836058,0.000448877127149361,0.00345962471697425,-0.00315258383720829
"63","4/3/07",0.0045424909363061,0.0112468952227252,0.00575859007938062,0.0021336846696618,0.0116460737635424,0.000942516844224972,0.00876603223565331,0.0119909916123377,0.00882859845544059,0.011377489604405,0.0110691024386724
"64","4/4/07",-0.0011627163255723,-0.000806060815144005,0.00271188619718221,0.00549002741855986,0.000505580224165358,-0.00200087943967697,-0.00496611141061321,0.00470168197113074,-0.00118678627312296,0.00477240281642799,-0.00265874106865593
"65","4/5/07",0.00594975280084498,0.00548476882348226,0.00270499332989504,0.00423429076043735,-0.000126085303027934,0.00165054885397375,-0.000997772418024123,0.00524155284240879,0.000445681494087413,0.00763359592315127,0.00219546938412973
"66","4/9/07",-0.00192843582574898,0.00112328373957227,0.00134865787673344,-0.000776722578695099,0.0102424814859003,0.00882908893391643,0.00187323545495111,-0.00093103479339518,0.00237465530802572,-0.000505045614411448,-0.00109532992874084
"67","4/10/07",0.00257661530981745,0.00160252003821948,0.000448940486059923,0.0154359639688855,-0.00400522869874542,0.00326706393569687,0.00411370907424558,0.00074535838003098,0.00251749558391268,0.000673564805043103,0.00203654176138657
"68","4/11/07",-0.00886683218594764,-0.00544008709033073,-0.00493662884974344,-0.00579624215612173,-0.0066609577169654,-0.00395417212264271,-0.0148976171982448,-0.00912628598256626,-0.00797602933364072,-0.00134652794167012,-0.00703470315436083
"69","4/12/07",0.00726058409926589,0.0053089840769911,0.00405906902156294,0.0146298375874587,0.00860311678636538,-0.00303640426150076,-0.00680528817366055,0.00939846416264967,0.0105713561710206,0.00842771222026006,0.000157389995627977
"70","4/13/07",0.00489123364177346,0.00112020100822785,0.00164703464566518,0.00162623494611913,0.00363783119862426,-0.000819595507411064,0.0112930552824977,0.00260715301036551,0.00103157813642984,0.0123679996645647,0.00487958147471423
"71","4/16/07",0.00819783072958713,0.0089514492722651,0.00478327167300741,0.00616962065600113,0.0111236214112032,0.00644685163637293,0.00125448627990754,0.00798652545730838,0.00824246500094894,0.00891561930763629,0.0194234056172546
"72","4/17/07",-0.00444689263742282,0.00301006769038503,0.00431425175939237,-0.00484060022588406,-0.00420271498376557,0.00628946005624642,0.0130328697143036,0.00221108931503555,0.000291933063707672,0.00278180862982169,0.00230467604782536
"73","4/18/07",-0.00102095050079842,-0.000947828634761283,-0.000592588008123895,-0.00735089530868371,-0.00682722559631899,0.00243062270036343,-0.00618517537807561,-0.000183840590020745,0.0049621352742808,-0.00277409163776388,0.0075125516005079
"74","4/19/07",-0.00166060548264957,-0.00300380737154893,0.00118593814670231,-0.0112161654135077,-0.00212492345357085,-0.00531115723840858,-0.00672159813385065,-0.00312617501023282,-0.00217837430589263,0.00392724644705855,-0.00167400155471198
"75","4/20/07",0.0102367711904925,0.00666004366952722,0.0090302402550364,0.0170704743265686,0.0117740171713487,0.00835787505347363,0.0075187856285126,0.00719417084970786,0.00742226054633499,0.00586777603261912,0.00594415260450543
"76","4/23/07",-0.00620649278967678,-0.00173254929535038,-0.0023473750117019,0.000974611819852589,-0.000123984145752321,0.00610074376763947,0.0111943405511425,-0.00238057099994904,0.00158971678262398,-0.000161942317752017,-0.00227294088764052
"77","4/24/07",-0.000254828930426942,-0.00284049742248249,0.00117638032133982,-0.00302912258091337,-0.00420954213722025,0.00686525716145137,-0.00676536013751872,0.00771033396741716,-0.00245190147122654,-0.00113471991466552,-0.00394811103343784
"78","4/25/07",0.00165756996666655,0.00981161007118181,0.0041125226989156,0.0194225294274546,0.014671061684469,0.00715874933881011,-0.000619202875066893,0.00801608143458243,0.00954252954779911,0.00356994415717327,0.0106723512419675
"79","4/26/07",-0.000891133251892162,0.00235066433436293,-0.0039495011748264,0.00255452707283688,0.000857875049034895,-0.00654408461515121,0.000619586524824411,0.00289170083345103,0.000716353341378539,0.00194023729945414,-0.000603661926271926
"80","4/27/07",-0.00509561036851758,-0.00719198914862884,-0.00249662463474409,-0.000955246674269605,-0.00342802810697651,-0.00511025821620736,-0.00247660113033021,0.00144169164216823,0.0107339638042234,-0.00403437897563119,-0.00166016237715738
"81","4/30/07",-0.00729825981795285,-0.0121260738910551,-0.00235568948511167,-0.0128588659802488,-0.0147418749423202,-0.0114161471429903,-0.0161390343324753,-0.0102570677490734,-0.00948722217293085,-0.00567084119060268,-0.00725756239488318
"82","5/1/07",0.00128991573141723,0.00111604632736428,-0.00309900754168646,0.00344508270569133,-0.00835434091551424,0.0127020978405386,-0.00870687879564547,0.00345447561839851,0.0025731635309878,0.00260710581600687,-0.000152260354790101
"83","5/2/07",0.0164882318991992,0.0106689233118789,0.00266441404355922,0.00922658811384025,0.0134540863040147,0.00547344036194208,0.00789259845470691,0.0085160538444129,0.0105520373676518,0.00796380796442087,0.00776860324206896
"84","5/3/07",0.00963129817150254,-0.00252094334386177,-0.000738161427220718,0.00914192325247321,0.00868490547180456,-0.00283510574089219,0.00265220001709898,0.00574888942666751,0.00423292123000163,0.000967498473232187,0.00559249975042619
"85","5/4/07",0.00476974706811095,0.00157948592592017,0.00206845379126919,-0.000737150951919396,0.00491997640828101,0.00352550903290938,-0.0086916077007132,0.00303706536884141,0.00154589895540491,0.00402678269579138,0.0015029640595019
"86","5/7/07",0.000124611313654155,0.000630753645739945,0.00162209951898351,0.00126490894299103,0.010036735047136,0.00691279899308062,0.0027954476524914,-0.000356236444907787,0.00308603722795242,0.00401107865298078,0.00300178508859616
"87","5/8/07",0,-0.00189110510578971,-0.00382749568256657,-0.000842247775303728,0.000363723289606988,-0.00528991018825953,-0.00658880487569369,0.00587921433536498,-0.000419284189070335,-0.00287629070880835,-0.0023940750075917
"88","5/9/07",0.00749480970403482,0.00473696113937438,0.00177314620612856,0.00136984178549437,0.00387639925086369,0.00384681265411824,0.0108417103912613,0.00230244468292495,0.00755562532816523,0.00144221634922292,0.00704944931457896
"89","5/10/07",-0.0151253044668983,-0.0111581633530418,-0.0101783966172161,-0.0187309379217524,-0.0165320689660053,-0.0126231313770944,-0.0133755437485421,-0.013076517203479,-0.0123595794538189,-0.0180829400299742,-0.0144472436422682
"90","5/11/07",0.0113292202180086,0.0047679028927059,0.00223547502605093,0.0217692017944686,0.0120244888365546,0.007419781739187,0.0135568743140229,0.0116382642083983,0.00787393623658161,0.00472634497268865,0.00997426317449657
"91","5/14/07",0.00161802555292123,-0.00316346911084786,-0.00133815028505624,0.00262400824422104,-0.00387945814827906,0.00543932662183932,-0.00567832558941506,-0.00513287354999881,-0.00446407100464585,0.00145978116199608,-0.00643442537005423
"92","5/15/07",0.00198843252749614,-0.00507773999499139,0.00253125599654025,-0.00157012090808006,0.00499014527405417,0.0023662798544779,-0.0152283156534614,-0.00747180134076164,0.000981039925879168,-0.00356334825244842,-0.00195779165610133
"93","5/16/07",0.00868180400653995,0.00733653449781668,0.0108420856686831,0.00524221759106025,0.00290668043685716,0.00348554251053379,-0.0123711170946345,0.00985846772622612,0.00545978926963997,0.00942779085174372,0.00709237066382129
"94","5/17/07",-0.00553328435310962,0.00063315738592884,-0.00191008261179915,0.0158532155935216,0.00108674788017415,-0.00448187179175297,-0.0173540466631757,-0.00213003086528962,0.000556755365557882,-0.00354269135728857,-0.00194781747955375
"95","5/18/07",0.00704754891417125,0.00886080273727097,0.00529941277085633,0.0156056028345399,0.00603141610081281,0.00506494917621492,-0.0100915500017007,0.00498042088224437,0.00306152567090012,0.00436339864624946,0.00120103945040584
"96","5/21/07",0.00859439998599543,0.00282282892746966,-0.00336782725459872,0.00950258254769554,0.00215811976430147,0.00313569817265624,0.00402421808876285,0.00530978885631095,0.00346838320870524,0.00273525913692518,0.00164957638935581
"97","5/22/07",0.0010954866946058,0.00391030459132646,0.000440682616470012,-0.00841180807608388,-0.0019143756131802,-0.00357235573932602,0.014829848630397,0.00422522479305054,0.00248868240462441,0.00176522819806868,0.00344272453858929
"98","5/23/07",0.00571496225451629,0.00264814656506385,-0.00117482563686222,0.00302966640641067,0.000599690790073382,-0.0124357490282658,-0.00763561535951318,-0.00841491448729303,0.00124103050741087,0.00112123850293577,-0.00164090149758667
"99","5/24/07",-0.00918872939308979,-0.0111870187294537,-0.0030877140222012,-0.0174185359294911,-0.0153349542830699,-0.026319099541832,-0.0167156091970927,-0.0180340920970997,-0.00840200384354972,-0.00383998223711679,-0.00986191871354436
"100","5/25/07",0.00536909721082313,0.00235701739952199,0.00516212921576598,0.0143457006360566,0.0118017286744176,-0.000582244498137374,0.00566665899652774,0.0113431563148656,0.00638958496157449,0.00144553692463933,0.00150865900387931
"101","5/29/07",0.00703943886587677,0.00141092540594157,0.00454885026296981,-0.00727340924212216,0.000601335699767835,0.00594568202164769,0.0356854161729869,0.00516302932757351,0.00469298489634706,0.00160396294357201,0.00617822218248154
"102","5/30/07",0.0132580394529964,0.00704461406542767,0.00335961980033339,0.0204541596227954,0.0129792061355378,0.0104299105680794,0.026813376524677,0.00814729588531282,0.00934202544094132,-0.00240218829882277,0.00793792481680122
"103","5/31/07",0.0027357210985961,0.00326431691318252,0.000145456197305105,-0.00488646248245861,0.00545731976544306,0.00355518573660918,-0.00403655283077076,0.00650047087560091,0.00585257755818147,0.00208684502080536,-0.00148626657850703
"104","6/1/07",0.000474678191772604,0.00526800787931592,0.00756911625424039,0.0093196438662686,0.0102652388529154,-0.00479987160459672,0.00139279200284226,0.00174524795736763,0.00189434098790109,0.00320360217829996,0.00297661204314781
"105","6/4/07",0.00213411641943173,0.00339076077700451,0,0.0154885740201822,-0.000233280832858673,-0.000229848470934657,0.00404776980743393,0.00348515965705998,0.00324167361993521,-0.000958152413570779,0.000593586258545109
"106","6/5/07",-0.00591568512007112,-0.00583712585490936,-0.00621180254641007,-0.00439970057287165,-0.0010513270993503,-0.0144728983921765,-0.0158730495016909,-0.00260483069772544,-0.00605802409707201,-0.00511419100178245,-0.00741416360341607
"107","6/6/07",-0.00630797558620411,-0.0105068227410143,-0.00654189639557534,-0.0122755774754868,-0.0155536979046548,-0.0145681257792304,-0.00678427225861766,-0.00922688533020422,-0.00839787267174574,-0.00867484821636244,-0.00776831884567197
"108","6/7/07",-0.0197630246862676,-0.0159273809527952,-0.0105353378372673,-0.0206798533650853,-0.0228085369670716,-0.0337081275493155,-0.0314472367992107,-0.015990205711374,-0.0193961486155808,-0.0150702306822298,-0.0168622657526439
"109","6/8/07",0.0127079169796025,0.00809243527132053,0.00709832223539597,0.00517778063434471,0.0165331922848833,0.0108933279659844,0.011976196255437,0.0125000472102443,0.0144866489359339,0.00542944420456282,0.00995405189802367
"110","6/11/07",0.000241308970690746,-0.00125916157265571,-0.000293609331727951,0.00686790855594177,-0.00621867865777925,0.00883930984402381,-0.0149907861690276,-0.00141098479230506,0.00288335989712385,0.000490913221191214,0.00181967653964898
"111","6/12/07",-0.0143546478316686,-0.00961376145766468,-0.00807858021101693,-0.0101316381528284,-0.0110710758190818,-0.0138025302685439,-0.0173540646908155,-0.00688805402623471,-0.0102682378217208,-0.0089960285700722,-0.0101409085306033
"112","6/13/07",0.00905622423593799,0.00875216530074496,0.00918088924605498,0.0188488617676488,0.0192262489538311,0.0182548839403098,0.0221442816862663,0.0113817891174048,0.0165998312260065,0.00907769174435469,0.0145260050171188
"113","6/14/07",0.00485161470019069,0.00709894010518486,0.00044017907044358,0.0190966496718006,0.00835690019523105,0.00490037758547834,-0.0107659125606716,0.0098473105838095,0.00789228588789981,0.00114481648921538,-0.00120588207492467
"114","6/15/07",0.00289654569890807,0.0061090874140326,0.00308007410985689,0.0126882984339145,0.0113666990892718,0.0148667676700911,0.011017416701109,0.00783557688527337,0.00661497508710229,0.00718832474677877,0.0060361251881742
"115","6/18/07",0.00108333861903542,-0.000778504191391582,-0.00380175179528952,0.00395122710295004,0.000351150920954613,-0.0100788227851004,-0.0154153859170693,0.00276422391607345,-0.00281632602040283,-0.0034064500589901,-0.00165038097082848
"116","6/19/07",0.00372693931399382,0.0010907586799298,-0.00411011283973983,-0.00220793511784723,0.00514902744729739,0.00189399862417949,0.00188984183588681,-0.000172279272609321,0.00793571190391029,0.000488512626954041,0.00210359763705603
"117","6/20/07",-0.0124567701026237,-0.00451365215498045,-0.00530536819655714,-0.0283818191294788,-0.013272768552589,-0.0242229866461393,-0.0300423922034706,-0.00947776815077517,-0.00800650655973745,-0.013665246488483,-0.014242756412335
"118","6/21/07",0.00157681223802464,-0.00140710200356364,0.00518591966523085,0.0203978883532849,0.00849564870742903,0.00520737853857689,0.00555595690850352,0.0111341923857735,0.00376634021881128,0.00329855212175145,0.000760632500644842
"119","6/22/07",-0.0101721133734308,-0.00579303854120328,-0.00825483277400574,-0.00688973677595506,-0.00187204279476727,-0.0122878761200615,-0.00372968930197481,-0.00980733100044096,-0.00710251405050899,-0.0143022753201757,-0.0136780369721718
"120","6/25/07",-0.0041594307505759,-0.00551188199032271,-0.00327001903161517,-0.0106503917060217,-0.0130115366154766,-0.000294453668689854,-0.0163956313266226,-0.00538665765042623,-0.00634366623380545,-0.00383551857554976,-0.00781204840982097
"121","6/26/07",-0.0022113394409613,-0.00285024515874599,-0.00119271104341589,-0.0169879548468007,-0.0110450894928146,-0.00331430898884244,-0.0038532714569417,-0.00209644178604351,-0.00339569611417745,0.00636194707363402,-0.00374977762205608
"122","6/27/07",0.012189106907986,0.00936951923576546,0.00821155229931336,0.0143675385554678,0.00564427712492876,0.0152728391083652,0.0256447722133342,0.011904761670291,0.00531524018241036,0.00781880814011626,0.01129090971561
"123","6/28/07",0.00425737701602324,0.00110134312603516,0.000592254180888707,-0.00396206826165413,0.00465724667289913,-0.00169865288083482,-0.00516819936724355,0.00103806512586213,0.00271161568056177,0.000990416386990933,-0.00108570648250172
"124","6/29/07",0.000969082951166378,-0.00251438355266831,-0.00148009512050562,0.00566837021470845,0.00332842653818899,0.00255192843833263,-0.00379123976477869,-0.00414797410003531,-0.00175759657375973,-0.00511214137662064,-0.00884802613832547
"125","7/2/07",0.0134318606362631,0.00661709517880893,0.00800361251532489,0.0136459016319517,0.0165854438217825,0.019878944809061,0.0231146225648475,0.00676864832198554,0.0125963485933431,0.0106083728968991,0.0144086324296824
"126","7/3/07",0.00561173125743841,0.00156529425050178,0.000146910546816148,0.00692592820124505,0.00186462573173696,-0.00118898624630381,-0.00275502283598938,0.00724003349003954,0.0029430972430402,0.00180409576473117,0.00277897310495057
"127","7/5/07",-0.00225599598731552,0.00625095187764813,-0.000146888967277659,0.000872150379505943,0.00546713000371946,-0.00297435558736681,0.0150577815572601,0.00547665991115087,0.00133345018291053,0.000982526507076642,-0.0018474092058991
"128","7/6/07",0.00499832824600044,0.00776518669345316,0.00102927728829516,0.00929217317974596,0.00647817437588705,-0.00417730811596484,-0.00122512123921437,0.00357452552916837,0.00372948203714607,-0.000327358657370658,0.00323940488472996
"129","7/9/07",-0.000591936653466796,-0.00231175777088644,0.0020562221089524,0.0111252256475114,0.00206927354727759,0.00239706974042542,-0.000681516200263244,0.00118725188149149,0.00663456723246103,-0.000817923230639006,-0.00353661105443914
"130","7/10/07",-0.0213270768181392,-0.0188445810625286,-0.0128994161716323,-0.0070188916763485,-0.0161734261650095,-0.0148255939931256,-0.0253611048348109,-0.00796212800581886,-0.0147641676081796,-0.00998875122534149,-0.0212928406902607
"131","7/11/07",0.00835345119368514,0.00377846707462837,0.00430664355815069,0.00401209778147971,0.00944385952431248,0.0072815495626084,-0.00195832912218841,0.00563525145242716,0.00842935680154633,0.00661617506381473,0.00252238714146813
"132","7/12/07",0.0139272355116689,0.0114492053391417,0.0158212624982097,0.0178857740172316,0.0258722692869915,0.0155424542378935,0.0128957729245609,0.0186789493540878,0.0177791192454757,0.0152807057303401,0.0204436125020526
"133","7/13/07",0.00248686368939621,0.00480714954724482,0.0039304792496857,0.00682282295053915,0.0131724015073404,0.0122195647143251,0.00954884865175898,0.000666810804469176,0.00677899570971063,-0.00129464354336828,0.00215763259416568
"134","7/16/07",0.00472450131932978,-0.00262370643734711,-0.00159512963229225,-0.0139247128207702,-0.0104453690030751,-0.0133616953435435,-0.00836187734962612,0.00116592110784786,0.00867509292575996,-0.000486218591267962,-0.00353715473214433
"135","7/17/07",-0.00199884891510027,-0.000309423564331945,-0.00624464554359383,-0.00828475941157603,0.00752373763295222,-0.00201928277457175,-0.00359399151134754,0.00782044898162337,0.00308087113372379,-0.003890955218388,0.00108035445318433
"136","7/18/07",-0.00530072619383837,-0.00433354298918098,-0.00131523153835389,0.0178470918400528,0.0030092479907422,0.00678497986877158,-0.00221994206015241,-0.00709926423382323,-0.00217547491662751,-0.00390605554847612,-0.0137198713429593
"137","7/19/07",0.00592130748594366,0.00606227939955306,0.00248778477562728,0.00839389835790572,0.000666622568088027,0.017261592188984,0.00375415309207283,0.0106418763894969,0.00692574782454614,-0.00294122693668664,-0.000625045664383816
"138","7/20/07",-0.00800530571581259,-0.012978932119419,-0.00904987388784861,-0.00360721317992341,-0.0148803933986207,-0.0147604391554348,-0.0174536629758553,-0.00789746631763089,-0.014393506437011,-0.0067191691095223,-0.0167342507607098
"139","7/23/07",0.00747630873567995,0,0.00677557525257999,0.0013924060100674,0.00112721243921565,0.00412908731992156,-0.0173414458500343,0.00265330744205561,0.00594481619535658,0.00676462174700232,-0.00318130242824222
"140","7/24/07",-0.0106017605793868,-0.0200376490189522,-0.0111191601182821,-0.0290135910549096,-0.0200427090245138,-0.0327776005567858,-0.0202292327683974,-0.0137277111304225,-0.0176000447684582,-0.0108161205639092,-0.0269665639399598
"141","7/25/07",-0.00202386366651008,-0.000798700212962355,0.00266293650947658,0.0120285540669671,-0.0127542679725984,-0.000121429848883858,-0.0108361800967757,-0.00218011918085481,-0.00143864222666201,0.00182240804747202,0.00639553131763271
"142","7/26/07",-0.0268434947157795,-0.0297361925606476,-0.0178544464579966,-0.0344308570772025,-0.0358471315175203,-0.0280613160761231,-0.0183569663008388,-0.0151262389572251,-0.0204291724913118,-0.019348530129758,-0.0237903374065553
"143","7/27/07",-0.0102977820234441,-0.0164772111542576,-0.0141224740314009,-0.0259866849598998,-0.0274026752220374,-0.0227472295505525,-0.0331772740327051,-0.0187714641016694,-0.0183156974229758,-0.0236087537481765,-0.0160240306393434
"144","7/30/07",0.00792779012404687,0.0135701223814912,0.00853402172809403,0.0194585013356798,0.0281747384286639,0.0143241561782999,0.0193414623601931,0.00956544300582052,0.0189295016199673,0.0129533481406381,0.015436932268116
"145","7/31/07",-0.00565301207255464,-0.0110742866161682,-0.00891515099539475,-0.0115112773412845,-0.00905372189016773,-0.00302612912333144,-0.00397851715239239,-0.0203275048258662,-0.00534613409743179,-0.0127877045516609,-0.0183762004192008
"146","8/1/07",0.00778654064671835,-0.000167261093999227,0.0103674444335717,0.00119427969784192,0.00499452543666479,0.0287090311019387,0.0132123591218771,0.0114298420069929,0.000268959368250332,0.00811747741645297,0.00629689602909544
"147","8/2/07",0.0127541855445006,0.00601811321331769,0.00784658055456533,-0.00795299132618366,-0.000121229260684474,0.00565517181557995,0.0165276864467236,0.00938788647985578,0.00497018438996188,0.0102794026571733,0.00422798906851618
"148","8/3/07",-0.0297894136083895,-0.0250913952481719,-0.0130260631258151,-0.0351738627162652,-0.0275184830564311,-0.0367972311339656,-0.0386335071116699,-0.0232517444001251,-0.0220557513413923,-0.0108530887333733,-0.0385651186973499
"149","8/6/07",0.00449335417553742,0.0158513618224678,0.0262442109430967,0.00353147724689973,0.00411366503120059,0.0328724339765141,0.0349107010561394,0.0130487069398275,0.0153088580812955,0.0180008135406138,0.0388856313617509
"150","8/7/07",0.000869912314182431,0.00637592415274435,0.00487817119926803,0.0225627203516252,0.00384849984638191,0.0223638562721269,0.00554749990988812,0.00557008266601655,0.0012120241703919,0.00168418848804253,0.0119710634017733
"151","8/8/07",0.0038486074499795,0.00550188232426541,0.00647226057128658,0.021862089668073,0.0257235005080547,0.00360611365487129,0.0395106103677412,0.00571223527429088,0.0087396979291936,0.0116004474651892,0.0228257385750763
"152","8/9/07",-0.0217664287310346,-0.0198972728210892,-0.0181232481376511,-0.0293185006837149,-0.0318300671140362,-0.0227547528196863,-0.0110442842692188,-0.0189327011176404,-0.0290589172046674,-0.0232672557061662,-0.027691587065315
"153","8/10/07",-0.00442461932094607,0.00186095365244099,0.00193494403831096,0.0122449155127038,-0.00074730356618069,-0.00232830849363908,-0.0301664604968932,-0.000526208607084078,-0.00411850788153889,0.000169961296280441,-0.00536118628273552
"154","8/13/07",0.0123176578523077,-0.0013509014621006,0.000742946045999116,-0.00756077060723459,0.00523408358387112,-0.000122950889795415,-0.00478512908041429,0.00614326069242654,0.0111661543285189,0.000510537330981276,-0.00960089519045793
"155","8/14/07",-0.0240845021452566,-0.0187691898515451,-0.0172209623029259,-0.0100557578274811,-0.025043017148269,-0.0183044138770609,-0.0287005090766521,-0.0169222182037367,-0.0199047908065737,-0.00952231112124413,-0.0238094921235819
"156","8/15/07",-0.0174806558718483,-0.0239530727715241,-0.00951661213240829,-0.021136596034776,-0.0321720873252864,-0.0148919087250454,-0.0168628417014285,-0.0186337964414192,-0.0267071173862257,-0.0042916942238711,-0.0114980282559031
"157","8/16/07",0,0.0070622024001914,0.00289775813295123,-0.00849086082083084,-0.00551842195231655,0.000381014646041455,0.0401260163828268,-0.00452073012221532,-0.00028594111655178,-0.00189681127486174,0.0389492854174185
"158","8/17/07",0.0256412752668518,0.0149017442625743,0.0155108729002129,0.0307645007152473,0.0196855645673923,0.0242542176638019,0.0226929041912605,0.0167120294699092,0.022730497685858,0.0105373706906891,0.0312129885543466
"159","8/20/07",-0.00344424980860236,0.00328225237169577,-0.0022461871255075,0.0046156097942962,0.0143821978400795,0.000247831562985468,0.0183432922052165,0.00160811924037829,0.00852668428934233,0.00273521642530339,-0.00493514798522365
"160","8/21/07",0.00729545832316769,0.00482084865246635,-0.000150033472860689,-0.0157224302943972,0.00459802571501244,0,0.00464829013566037,0.00535146337288794,-0.00152450719193564,-0.00051172580511416,0.00677806366032274
"161","8/22/07",0.0141044578989487,0.015421501288116,0.00810579019213709,0.0113057808263328,0.0297521900897437,0.0145018824282841,0.0121460011012466,0.0115330284229085,0.0198500542984241,0.00767559186519562,0.00656812962622388
"162","8/23/07",0.00200509439669361,-0.00472499374332258,-0.00193599744402195,0.00882061877992535,-0.00592659802374607,0.00293207248864258,-0.0171430375158717,-0.000175470758721485,-0.00748605612624964,0.00253874198566506,-0.00554639856694916
"163","8/24/07",0.0123794822897243,0.0133942557812232,0.00910061709407262,0.0203335919841694,0.0188795701203852,0.00596865689708515,0.00537807428396375,0.0128070344622921,0.0145366490679115,0.00827283075440222,0.0054133194754733
"164","8/27/07",-0.0014823517309408,-0.00267692214838011,-0.00354822085781015,-0.00996399040578111,-0.00865525682405943,-0.0278514929043442,-0.02168561511954,-0.00502358935192226,-0.00527191449769215,-0.00502339492505999,-0.0128895194838256
"165","8/28/07",-0.0272143660237388,-0.0286862208749452,-0.0154303542741722,-0.022947381425183,-0.0276686625759306,-0.0128298623992028,-0.0305897102618562,-0.0222837604702919,-0.0270415468477861,-0.0119487922731446,-0.0295867798244926
"166","8/29/07",0.0236521820582127,0.0245248318885363,0.0135625023840045,0.0290485090188379,0.0233972680213661,0.0239746754162917,0.0365851375487372,0.0261750066862558,0.0215082018495034,0.00987898536231868,0.0168623606666916
"167","8/30/07",-0.00695643165015791,-0.00219125026548928,-0.00460910129793246,-0.00180178176995149,-0.000494794898862727,-0.0151572314171516,0.00514692914779924,0.00399086701940798,-0.00191397426664464,-0.00168668371795333,-0.00770508822210203
"168","8/31/07",0.00775582286264731,0.0133468110860295,0.00448104730549681,0.0136381235214948,0.0155788871167575,0.0178928711321351,0.0165327943782625,0.0112341183950448,0.0131505232219544,0.00692682777048503,0.0183999456385175
"169","9/4/07",0.0140267913625676,0.00450158807636902,0.00579928683229824,0.0218638237897208,0.00937440055074346,0.0125386273037842,0.0132415546737574,0.0155529987476839,0.00635475015443143,0.0100674244126588,0.00662992926922978
"170","9/5/07",-0.0160361797477806,-0.0136100858446792,-0.0109402686533776,-0.00242033349013571,-0.0103726513419665,-0.0111696116332803,-0.02400584612266,-0.00622689749047078,-0.0110170670508329,-0.00681099296794241,-0.0186067490425846
"171","9/6/07",-0.00136889406801777,0.00218749006536223,0.00627809024294002,0.00815211685242878,0.00914064445635576,0.0108045163420358,0.00887760722559938,0.00118521366977165,0.00679275201333485,0.0076939800519753,-0.00251689632606666
"172","9/7/07",-0.0204309140572901,-0.0203157873346704,-0.00816992112089721,-0.0145360800904912,-0.0211351729782981,-0.0145756092985876,-0.0240908620827067,-0.0197901505892335,-0.0195655796536959,-0.013112439785893,-0.0124473873983514
"173","9/10/07",-0.00267078761144957,-0.00805481842992939,0.0014977288403617,-0.00576328723860642,-0.0125850127733431,-0.00271151192688279,-0.0103476083654923,-0.00207069796108783,-0.00330317231655519,-0.00100876743828693,-0.00391748524934288
"174","9/11/07",0.0135172156305834,0.0126123860790694,0.00912216930860343,0.0150324581127674,0.013869848574823,0.0135958432462342,0.0207616210460806,0.0152170100109743,0.0139464640881413,0.0121209726853853,0.0145349424505481
"175","9/12/07",-0.00452944378019282,-0.00153554403250533,0.00474213842877025,0.010260245576498,-0.00308094856905505,0.00304792223691464,-0.00585265987679562,-0.0049395047959323,-0.000816948560857678,0.00316059081631948,-0.00219100900576619
"176","9/13/07",0.010743429690343,0.0119617147691018,0.00235977983820335,0.00689867943689104,0.0121150377294541,-0.000121827665297558,0.0225195489758594,0,0.00763245207219976,0.00232136400036231,0.0130063995454683
"177","9/14/07",-0.00225144448225068,0.00489695096301945,0.00294300651502866,0.00294981435559993,0.00610717237856573,0.00559290067013563,0.00647743203770368,-0.00205396161705562,0.00216421362315478,-0.00165429695417929,0.00233466870402288
"178","9/17/07",-0.00325826715134725,-0.00655374681137,-0.00440134039520579,-0.00246693739578618,-0.00157787953494049,-0.0059242818378894,-0.00729358991530782,-0.00497439589577886,-0.00661370673954764,-0.00662801258737122,-0.00715372585575635
"179","9/18/07",0.0253990812553886,0.0316309483065564,0.0163573062851918,0.0288188460540679,0.0372078249412755,0.0186085943937091,0.0355852118996509,0.0199965332394383,0.0305708323514056,0.0166804999276069,0.0408850284885347
"180","9/19/07",0.0104232491104317,0.00344315800171002,0.00565423419833366,0.00748839087842579,0.0148885968430554,0.015761325875121,0.0187814243193192,0.00473219087052024,0.00856952789161713,0.00836743400758966,0.00772694424255649
"181","9/20/07",-0.000242767575050373,-0.0124184075774468,-0.00288346883802848,0.0032114932168068,-0.00150166647652283,-0.00916882776182815,-0.025945493880136,0.00117723913257928,-0.00692816133514429,-0.00504393541077686,-0.0151756764086879
"182","9/21/07",0.0104393704527808,-0.000496214484805968,0.00187956753626461,0.00612818575619056,0.00636281013194884,0.00367740311792253,0.00714967192076865,0.00487243562374151,0.00618668217548612,0.00539645517180465,0.00129739923172312
"183","9/24/07",-0.00780871202253008,-0.00744928098209841,-0.00101012868031936,-0.00681818404146295,-0.00517308058392707,-0.000345029695032029,0.0189583919073271,0.00200630235089116,-0.00863428626991025,-0.00406623961509855,-0.0119606896011131
"184","9/25/07",0.00351140720741983,-0.00833889922352404,0,-0.0107093457997295,0.00104024660247015,0.000595376724998653,-0.0248443987741445,0.00934441666303432,0.0051464961960721,0.000653478822496334,-0.0023123026853199
"185","9/26/07",0.007721939673073,0.00790439156971678,0.00924588956756867,-0.000277707369799929,0.00900375658479868,0.00618845905124155,0.014579165693736,0.00297529681783271,0.00630186844501335,0.0066913578148049,0.00629027234924395
"186","9/27/07",0.00371162807760328,0.00150195767008454,0.00429446678560663,0.011938972058589,0.0128131228711823,-0.00615039756774471,0.00767299792602705,0.00197821577998414,0.00587064557233608,0.001945742093449,0.00773158361449044
"187","9/28/07",-0.00906591300281323,-0.00283260058768531,-0.000712823483327241,-0.00621905797079636,-0.00666415428853739,-0.0121385584306922,-0.0106604274571197,-0.00312567340517844,-0.0011670840610909,-0.00598714732838646,-0.00620315950784101
"188","10/1/07",0.00963015988875759,0.015706220583303,-0.000142662582188202,0.0139885405396025,0.0155782763131296,0.014817385650872,0.024349244171906,0.0148516193277488,0.0167507310422581,0.0105813304180158,0.0215176416140823
"189","10/2/07",0.00166950179505765,0.00542818585621596,0.00213993918749544,-0.00798698438373924,-0.00335891963540069,-0.00142395158164832,0.0181690737028068,0.00227641660712341,-0.00140501890794797,-0.00096656332469125,0.0099694687974583
"190","10/3/07",-0.0108317371045958,0.000163750105365956,-0.00526693071038919,-0.00823416242886388,-0.0121332508183627,0.000475011613450427,-0.0048301171022006,-0.00892276767869571,-0.00920806726262113,0.00145105286965319,-0.00143238525224498
"191","10/4/07",0.00878424777991471,-0.00359884293251478,0.00300485708769704,0.00525821693448481,0.00170582435840561,0.00760433056644838,0.0102468877984794,-0.00147321248772525,0.00348524804420003,0.00386423081755605,0.00318845872521711
"192","10/5/07",0.00381727671718335,0.0178952388476157,0.00542209728905618,0.00357907637326549,0.0178246037964696,0.00648640216966445,0.0234884261133677,0.0132786772744902,0.0122202306076313,0.00994381439520686,0.0123967397138853
"193","10/8/07",-0.00225801050948182,-0.00290332036623575,-0.00354786968503573,-0.00923558804588709,-0.00457334755889582,-0.00257789985372647,-0.0189071196133742,0.00679514410666404,-0.00190625042412429,-0.00460534894509768,-0.00737838166579807
"194","10/9/07",0.00190579584110329,0.00145603885532419,0.00156681105111289,0.0165206144652361,0.0178171848363542,0.0123339425198279,0.0111642858671943,0.0057848248988055,0.00980389703537932,0.00430747551840316,0.00727495781187515
"195","10/10/07",-0.00546841460848568,0.00113061976129369,0.00369642652938951,0.0141637815016709,-0.0039635874134597,-0.0111394330374779,-0.00696696061721491,0.0036747512031936,-0.0087000818473133,0.001429634923934,-0.00753674693767359
"196","10/11/07",-0.00513978959074868,-0.00645366914493284,-0.00155801214786255,8.95003097016733e-05,-0.00552674317413437,0.00974016075984574,-0.00397035293974912,-0.0140082010757115,-0.00661419727479451,-0.00650356038777189,-0.00332206314976358
"197","10/12/07",0.00552701188356286,0.00178615761745915,0.00510762048083402,0.00420739952932592,0.00989231119734102,0.00313731863766198,-0.00943509451876001,0.0127543684358038,0.00140861699896733,0.00383183788431607,-0.000793627883693193
"198","10/15/07",-0.0150555689630762,-0.0124816280861546,-0.00677574852793006,0.00855761779691266,-0.00539283294835158,-0.0117009829766943,-0.0187821627462053,-0.00717375334368953,-0.00741581013136383,-0.00858922437483323,-0.0169972879500466
"199","10/16/07",-0.0023051085708623,-0.00558104456956232,-0.000141946843194796,0.00300522011486026,-0.0152705966593389,-0.00210978974835652,-0.0121685154634985,-0.0036931144024418,-0.0041225873220524,-0.00786130237742877,-0.0180999035266727
"200","10/17/07",0.00486373749843172,-0.00214617736331701,0,-0.00511111733239822,0.000112287760227092,-0.00434640552887966,-0.00152223131338336,0.0128927608817759,0.000646807354008017,-0.000485118284367148,-0.00164581403667974
"201","10/18/07",-0.00133093079977686,-0.00397014622317826,0.00142130284537201,0.00540287461849953,0.0112359259169683,0.00106235190247572,0.000276856476548293,0.00222766336136826,0.00349058831249782,0.00372093454269939,-0.00989097428520536
"202","10/19/07",-0.0173271138458972,-0.0239161967493571,-0.0140524178185263,-0.0458989100312782,-0.0246664313964783,-0.0219214951856136,-0.0425440863608354,-0.0271470152889203,-0.0328481890588855,-0.0140229625846764,-0.0301367560180255
"203","10/22/07",0.00690518105523696,0.0103794481032782,0.00705420835811332,-0.0106189151357607,-0.00193681724805905,0.00482019532635536,0.0261980087235929,0.0106069446520487,0.00759195700630566,-0.00016352993610258,0.0115024042823642
"204","10/23/07",0.00453080427711883,0.00421021434542057,0.00300234692381651,0.0125993941397902,0.0135829825288794,-0.000479801003381186,0.0105780029970863,0.0111415951936551,0.0124253270433921,0.0117723073641425,0.00594030117281541
"205","10/24/07",-0.00426671868880124,-0.00150943509035772,-0.00242317337911491,0.00737319159255279,0.0036035674309467,0.0029995103182654,-0.0167481672451013,-0.0106995959593637,0.00117522691575789,-0.00307040381463541,-0.00826754767780014
"206","10/25/07",-0.000244694031209525,-0.00839764387409536,0.00885856556004194,0.00869180667827996,0.00516156582749971,0.0192578506827237,0.00212948718927763,-0.00403539959288979,-0.00195610601654206,0.0024314892212336,-0.00527401047955667
"207","10/26/07",0.0110210282437766,0.011009421754923,0.00764746712447417,0.013786626341634,0.0150703244797143,0.0140836136383991,0.0151555370282668,0.0215559395460094,-0.000653221762804357,0.00194033635232471,0.0239436718498909
"208","10/29/07",0.00520839394209593,0.00536094043250412,0.00337325398952326,0.00393668276010306,0.00703831089962526,0.00798457065672542,-0.0163249994978203,0.00571161665542408,0.00653760259717862,0.00306673236541144,-0.00133572240610846
"209","10/30/07",-0.0155439937190097,-0.00433255961102319,-0.00868471219089328,-0.0284287970328334,-0.0171453704256488,-0.000343988038302712,0.0137588841775846,0.00378604266778093,-0.00636517260415459,-0.0011261928200299,-0.00401429473603088
"210","10/31/07",0.00758855040391748,0.00502101895378226,0.00876079719307787,0.0184371656153719,0.0207779555866996,0.0149305366272763,0.0208480972243783,0.0168160438764857,0.0141193933010697,0.00982569547945178,0.00755677832889923
"211","11/1/07",-0.027210643891837,-0.0263114127285806,-0.021151445984812,-0.0192741346483136,-0.0320017819244849,-0.0187847347926904,-0.0467378235008545,-0.0162289720304629,-0.0215291035571094,-0.0172274857869489,-0.0416665242795986
"212","11/2/07",0.00287202869440484,-0.00564388970273733,0.00400695398860385,0.0108364909373679,0.00483541684298139,0.00484355980821549,-0.0142346265858586,0.0062846973502626,0.00645572888531354,-0.00129858275054218,-0.0151303498219536
"213","11/5/07",-0.00585237647824899,-0.00997599355094458,-0.000142560888949483,-0.0043607398017238,-0.0080574782929469,0.00803413667740349,-0.0144395958448685,-0.00218590894766213,-0.00196327337364088,-0.00162512304441331,-0.0151864169636516
"214","11/6/07",0.000250497139426376,0.00799159306845842,0.00727006156069643,0.0266447822189988,0.0229015115567901,0.0028463580344138,0.0125792331858612,0.00829278943806688,0.0112800371993362,0.00325559575006285,0.0186483684164784
"215","11/7/07",-0.026671391674734,-0.0203376275347751,-0.0141522821820397,-0.0287084584981496,-0.0301087936293362,-0.0224797392506945,-0.0311308551917012,-0.0273121680137923,-0.0264589929537596,-0.0183350411963541,-0.0445347650059953
"216","11/8/07",-0.000643391771137591,-0.00387054768480832,0.0103360657597074,0.0107975467228107,0.00977913667878605,0.0156794127563435,0.00301684400813862,-0.0323867903509968,0.00732731312233326,0.00628103812696468,0.00313163017567675
"217","11/9/07",-0.0162203259475519,-0.0169551382389678,-0.0078148016566979,-0.0203691794172592,-0.0161036115891446,-0.00811865586560945,-0.00812148855622397,-0.0288540131854147,-0.0227483637542965,-0.00591345331072513,0.00293869539232339
"218","11/12/07",-0.0112536888680469,-0.00700675287784391,-0.000572957543985564,-0.0391830053196098,-0.0381135682855813,-0.0171778553052307,0.0115236799717966,-0.0152801759049565,-0.0147516915604888,0.000495858956739426,-0.00256390870625911
"219","11/13/07",0.0255424874439483,0.0307579504799873,0.0173378203766477,0.0213522538414186,0.0212989592761768,0.00739004940690946,0.0331284750973333,0.0360343233576754,0.0217033105618829,0.0150288307424036,0.049018110816917
"220","11/14/07",-0.0051617267393208,-0.0177286254896055,0.000281692091072649,-0.00301341454065351,0.00605857304041968,-0.00279472553043936,-0.0203134494553675,-0.0118154154256029,-0.00121001249066055,-0.00130151614361929,-0.00437509218785059
"221","11/15/07",-0.00298364874737811,-0.00732670022063808,-0.00323851856226465,-0.0221971385267383,-0.0213084238904502,0.00408678345802471,-0.00177711305522466,-0.00656810306076605,-0.0109031225264534,-0.00228103494774923,-0.0305853468509083
"222","11/16/07",0.0110590480222568,0.00216036385840002,0.00932300011055442,0.0177746258477287,0.000118345913138196,0.00267484510516369,-0.0186943107638209,0.00949326326929478,-0.00217746762337234,0.00473538912057636,-0.00725280508932946
"223","11/19/07",-0.0262513025034607,-0.0242502841914115,-0.00741727704432249,-0.0146167522648397,-0.0320634210752192,0.000231886783309543,-0.0217719845863735,-0.0147773619176204,-0.0158209342372277,-0.00845107582088944,-0.0259363393997645
"224","11/20/07",-0.00145379215364816,-0.00386594746942936,0.00507570559095694,0.0255250306321493,0.0118564213981001,0.0097404563219381,-0.0193199425792299,0.000681736469248184,-0.00194029300291487,0.005081138717139,-0.0174385393307234
"225","11/21/07",-0.0166757113941715,-0.00702258761524033,-0.0115034862479121,-0.0166246058494125,-0.0154625511904685,-0.00872765956241905,-0.00693466445058044,-0.0134560661560298,-0.012913246624519,-0.0185907816771157,-0.0145039556043708
"226","11/23/07",0.0135938009807395,0.0161921251525547,0.00837332690193238,0.0175743014515457,0.0158282386116144,0.00150572687066619,0.0196797988833022,0.0113949810642076,0.0153329053540308,0.011133151749565,0.024399849889875
"227","11/26/07",-0.0257599443950445,-0.0238094711341689,-0.0101334220397159,-0.0213068641598237,-0.0125617092441738,-0.00624616564657232,-0.0479380335192863,-0.0204844607155883,-0.0169020920059276,-0.00953183468832886,-0.0359172035127883
"228","11/27/07",0.00531516257961973,0.0163224900248149,0.0122278834182874,-0.00901465900883625,0.00746129920464167,0.00686737429227846,0.023377709551915,0.0123734604198313,0.0160652255235534,0.0209059268379377,0.0235299126549502
"229","11/28/07",0.027521817998917,0.0321209285485078,0.0165752689862741,0.0156776248501251,0.0441965464448197,0.015838446166593,0.0439294578622178,0.0411430806231838,0.0319002662661538,0.0185277067482956,0.0480841126876348
"230","11/29/07",0.00488194949199938,-0.00339792440309883,0.00400744385912999,0.0112435933520667,0.00686042708434309,-0.00352813926328799,-0.01606736114042,-0.00611761357638485,-0.00443549138079513,0.00175515754682176,-0.00548350920193874
"231","11/30/07",0.00538320471199216,0.0129215387828856,0.00123831394071061,0.00235538505259347,0.0117796682443649,0.00616717153284507,0.0272162282014257,-0.00948272288309449,0.00607526558635429,0.00222995625838007,0.0240767915618318
"232","12/3/07",-0.00287320053864615,-0.00637810192969424,-0.00316135980334131,0.00488831518939037,-0.00422343745644727,0.00488134535730866,-0.0107492942772978,-0.00772583662788606,-0.00966197950554037,-0.00540355287005345,-0.00915332592303431
"233","12/4/07",-0.00851331277730782,-0.00285345647731261,-0.00206847360256102,-0.0125349662814978,-0.00630422946822862,0.00903638315475108,-0.0269361943033358,-0.00372397688702653,-0.0071815150115988,-0.00495360533972544,-0.0182934687490276
"234","12/5/07",0.0145312210884869,-0.000536512178828552,0.00746155957656547,0.02349355136983,0.0176488247056685,0.0136574133176064,0.0336581813866403,0.025993983508644,0.0146036582506133,0.0122048092295826,0.0215867693374374
"235","12/6/07",0.00833324028378168,0.0141349756371993,0.00836667556004422,0.0248983882145861,0.0197238279302836,0.00154558691897422,0.0318015327691019,0.0139095684587212,0.018697916395604,0.00555303723218614,0.0249230463433618
"236","12/7/07",0.00258260429817425,0.0026464465512066,0.000272091189210899,-0.00126465162315004,0.00878153216564903,0.00253622158272604,-0.00353892819793356,-0.00114331003413015,0.00237690033445337,0.000631006126456279,-0.00933911621697625
"237","12/10/07",-0.000386486348055382,0.00404731991273333,0.00312719852623955,0.00596830348000066,0.0126720713805453,0.00285972110211774,0.0214588595896419,0.00686728905453449,0.00829931842298914,0.00283827044914209,0.0199216105496889
"238","12/11/07",-0.00863305534199077,-0.0334737544723347,-0.0135555979015968,-0.0199553553272032,-0.0373231448842215,-0.0224827484815726,-0.052738033815297,-0.0214355519141621,-0.0291354064502246,-0.0136792847707194,-0.046912859105908
"239","12/12/07",0.0100079659159749,0.00290134187247681,0.00535945364803259,0.0253142268855311,0.0110772551301253,0.0011215286918338,-0.00336487569899568,0.0101227943077029,0.00457568470134539,0.000637621645833253,-0.00731934711510418
"240","12/13/07",-0.00501874963445914,-0.00144640000759921,0.00109362916416988,0.0045622282315736,0.0052542198087826,0.0101983075863243,-0.0113570822231837,0.00164280673140094,0.00830517848331414,-0.00143371527173974,-0.00405565070923064
"241","12/14/07",-0.0134355371301154,-0.0160673707041604,-0.0105575247466065,-0.0147270137683262,-0.0185346016817163,-0.0149997104457562,-0.0251472703314097,-0.0112673167971669,-0.0115628417016336,-0.0100226740591325,-0.0183899670526595
"242","12/17/07",-0.0208585378866188,-0.0120614328513747,-0.00897375469414674,-0.022785126213791,-0.0282762570740166,-0.0122467171579651,-0.0308916509565281,-0.0207951432164956,-0.0198829323899022,-0.0125735315453177,-0.0119703091152452
"243","12/18/07",0.0162178591634272,0.00676156770979408,0.000849009104988863,0.0133369802135346,0.00922657750258327,0.012283458433124,0.0154455179513613,0.00322804557464584,0.00444639827602344,0.0081031060716712,0.00153831886005595
"244","12/19/07",-0.00189372298389934,-0.00746249436373159,0.00339276534283339,0.00708675452967733,-0.00398494859828558,-0.00396889226827413,0.0101939021820667,0.00609654173295482,-0.00539495067624585,-0.00377293672658174,0.0042242007147606
"245","12/20/07",0.00989155242567108,0.00676682695670916,0.00211296805948535,0.00877373581374963,0.0181217201205213,0.00409886391061098,-0.00416836526241182,0.0149806362991662,0.0118220510838425,0.00576337529518223,-0.00267674341657032
"246","12/21/07",0.0229440849138711,0.00877533510965267,0.0129342364518819,0.0237361410933667,0.0249656151963062,0.00702994676413793,0.0196207509330668,0.0124376474488368,0.0163574823448818,0.0124426327104652,0.0147622923278461
"247","12/24/07",0.00721397604297835,0.00943922474209025,0.00360845142752964,0.00814163446485394,0.00834441251279405,0.0011260620277278,0.0323925854859675,0.0104833698397566,0.010954578786635,0.000808489052121386,0.0190818852215537
"248","12/26/07",0.00416723672958064,-0.00348371316330809,-0.00207417748836214,0.0114116531548976,0.00682170361294543,-0.00393655728446585,-0.0166201593455103,0.00194512325914853,-0.000669085969419281,-0.000161343658736657,-0.00389335438453731
"249","12/27/07",-0.0150436510169843,-0.0139835673910231,-0.0098396552314024,-0.00998105449214925,-0.0133288703721551,-0.00858151816654074,-0.019901984914242,-0.0150460752331166,-0.0148591591022091,-0.0121203808286249,-0.0228920623246167
"250","12/28/07",0.000790167714845191,-0.00317219881933839,0.00139992576733872,0.00745156828068172,-0.00202646249015026,0.00512508383116095,-0.0175665345947038,-0.000985667314165939,0.000815423319207031,-0.00147235050799222,-0.00380978415098687
"251","12/31/07",-0.00973570799906176,-0.00449263966680802,-0.0106219128045424,-0.0123564124553932,-0.00800882372910539,-0.0075918147721673,0.00820192227998007,-0.011509377606292,-0.00760374320339197,-0.00688070315939726,0.0066924505541881
"252","1/2/08",-0.0134182388703741,-0.0199320976499713,-0.0113011251578937,0.00907494214658633,-0.00864267679953334,-0.0100483824648631,-0.00309117856475261,-0.0184628703720047,-0.0155970280231673,-0.00791817406121187,-0.0222223048997263
"253","1/3/08",-0.00269342702142128,-0.0151575402418304,-0.00528638551373195,0.00637402400544151,0.00906203021222751,0.00184568130382967,-0.031173574348074,-0.00508405666588074,0.002362685550924,0.00432326875557965,-0.00874107106406741
"254","1/4/08",-0.0240343705719432,-0.0311708622068863,-0.00617656661198884,-0.0262020628402662,-0.0288736379469703,-0.00264792976902484,-0.0406000461657799,-0.042411844081496,-0.0266224089552933,-0.0105963423295645,-0.0276311447100429
"255","1/7/08",0.0107911603038535,0.0028151723376022,0.0145975402195109,-0.0120275036796179,-0.0136951775803231,0.0181229737647244,0.00930681888423779,-0.00924934573749359,-0.00769216358369318,0.018574479781218,0.00463533666386517
"256","1/8/08",-0.0351763484140275,-0.0210545320888472,-0.004273191602853,-0.0144286494624229,-0.0192263278963352,-0.000566764086404548,-0.0346205996120068,-0.0307002448805552,-0.0268446392079643,0.00558562186156419,-0.0371114404930193
"257","1/9/08",0.00368816810170958,0.00573526886259956,0.00815444889482686,0.0165613773926447,0.00375103196009619,0.012592130427562,0.0176607245422886,0.0216709230905341,0.00663799466266002,0.0145402325892452,0.0152083965874528
"258","1/10/08",0.0152651452634167,0.0120163055033087,0.00780462050233588,-0.00666084061786687,0.0188068708663782,-0.00436939543036186,0.0154062721375163,0.00380679437152387,0.0127495102303758,0.00499199889014212,0.0166222948167938
"259","1/11/08",-0.0238061488466641,-0.0267659321523469,-0.0190089099099642,-0.013591737897093,-0.00887473812986395,-0.00416333236778554,0.00017474781289617,-0.0214916406844102,-0.0189555680709113,-0.000320380852308344,0.00141307584824224
"260","1/14/08",0.010695835273677,0.00847787870261474,-0.00272688496753626,0.0172697588370367,0.0318766511067421,0.00135613581343796,-0.00418532484781964,0.0212255119492137,0.0119470641607959,-0.00400699986797215,0.00846595634085689
"261","1/15/08",-0.0206010848085251,-0.0239900065406565,-0.0138172249683594,-0.0346757086238039,-0.0298505096469626,-0.0126386710423454,-0.0203117981506817,-0.0191578824740483,-0.0239032919294606,-0.015127201810434,-0.0335798708053989
"262","1/16/08",0.00187291046038429,0.012184775561431,-0.00175108574222904,-0.0342376387937591,-0.0308888416802433,-0.0154282977920824,0.0114395214889993,-0.0187947428297682,-0.00522617124644331,0.00588227591112744,0.0130300396477441
"263","1/17/08",-0.0224329310525725,-0.0182648542910883,-0.0130117466468532,-0.038163556577382,-0.0539008428324742,-0.0341265851888992,-0.0136069155182423,-0.0178404244844262,-0.0376763483896684,-0.016569275665276,-0.0404248420221872
"264","1/18/08",-0.0438364087693771,0.000845572746819068,-0.0128870249346162,0.0010072425235339,0.0122269113933713,-0.0147818359831172,-0.0132569476870736,-0.000955937558796971,0.00467946964069732,-0.0171787979646062,-0.0234039778512913
"265","1/22/08",-0.0186153024324436,0.013097024231491,-0.0106544299646302,-0.0230384601567702,-0.0118220666872003,-0.0340328825358908,0.0239649704527243,-0.02468903375356,0.000931413618049381,-0.0305880020344994,0.0241827745387628
"266","1/23/08",0.00517306617533353,0.0400334515385663,0.0119828251755536,-0.00216239304097321,0.0144342345313981,0.0342215586760328,0.0948579628633242,-0.000588648814221937,0.0257483035188695,-0.00138704775079102,0.0674325967996694
"267","1/24/08",0.00358695784186769,0.00801884974467515,-0.00119928502775002,0.0350875523246055,0.0301244595899326,-0.024053497664001,-0.0234816491929767,0.0343606567111789,0.00710722794533369,-0.00190978017020038,0.00398554642858229
"268","1/25/08",-0.00885779354274496,-0.0202861981093606,-0.0123048720710097,-0.00518452727478924,-0.000124833233047017,-0.015388849593771,-0.00580418676978833,-0.0178433042561054,-0.00330331640642878,-0.0168724052757758,-0.0196507064508926
"269","1/28/08",0.0197553934516481,0.0219246138152422,0.0109389378849194,0.0132294009019922,0.0187929544275998,0.0147399003246389,0.0338613954353468,0.00367217350319504,0.0159686853725136,0.0146850020316445,0.0313831796668327
"270","1/29/08",0.0305963353991201,0.0075484823180163,0.000901674846357725,0.00524233667883633,0.0101394073880694,0.00250452162700077,-0.00903512059684641,0.0021180336799953,0.00800709323213855,0.00401043074658025,0.0129564748373583
"271","1/30/08",-0.0201397716161771,-0.00906945553228733,-0.0114113995088099,-0.00905229070940017,-0.00689325823898512,-0.00562091830243272,-0.0267011861112214,-0.00941567493733753,-0.00132384902679838,-0.0147619823229854,-0.0160854814897542
"272","1/31/08",0.0211631753966059,0.0344213251464505,0.0182260052686594,0.00208489323496219,0.0202143783943665,0.0234895596694253,0.0200733845338534,0.0124150786848227,0.0191487483655923,0.0125153656627255,0.0228480735002383
"273","2/1/08",0.0108840126355405,0.0171184516808609,0.0143198857748998,0.0146650904173118,0.0243494102948114,0.015954675301737,0.041816917625302,0.0222266094219499,0.0186444315293952,0.0132311919014478,0.0283072110848885
"274","2/4/08",0.00132736087765872,-0.0219364161557316,-0.00794120511678309,0.00390620546663079,-0.0109530393248987,0.0166705990981668,-0.0103885796128349,-0.0157452395649628,-0.0085134040680851,0.00292114965545842,-0.0237822301153165
"275","2/5/08",-0.0443365257953864,-0.0255220145291413,-0.0146755074807997,-0.0330736779385783,-0.0338126359190627,-0.0313686197471235,-0.0353110445293238,-0.0293275975168628,-0.0304807438996351,-0.0176462884335512,-0.0389414985032152
"276","2/6/08",-0.00878563210003813,-0.0117063612110545,-0.00586712858427074,-0.0225352561948433,-0.00707238498746354,-0.00220808533377104,-0.0163228826997147,-0.0145185771039101,-0.0047232822365606,-0.00174389830061494,-0.0131737117238191
"277","2/7/08",0,0.0182693343343403,0.0113495440327971,0.0144090682493407,0.00159650648269682,-0.00393446169630729,0.0236336923891851,-0.00298619773791053,0.00296630066635739,0.00244595606354792,0.0184061468509249
"278","2/8/08",-0.00466443755677071,-0.00709751374688694,-0.00673336547435088,0.0166395234850107,0.0182688456194382,-0.00407298077297402,-0.0319308686685413,0.0115815152084988,-0.00443612927386405,-0.0113280686719115,-0.0218469856861884
"279","2/11/08",0.00765501202481422,0.0117153801195682,0.00979191802858681,0.0264473258271405,0.019506114057261,0.00532907339113331,-0.0202974866621943,0.012830574407646,0.00995099237136676,0.000528876892772034,-0.0158376666814042
"280","2/12/08",0.015813707707099,0.00529942493901903,0.00939899712729475,-0.00495884274154623,-0.000826560565857282,0.00825959182116565,0.0284877998812818,-0.00116935449930711,0.00558837313250704,0.0116277335129866,0.0136169407937534
"281","2/13/08",0.0242676654779266,0.0122998762796411,0.00339950640173492,0.0279461784952924,0.0140661403776812,0.0031790455917724,0.00788972721681391,0.0238046963728431,0.0226673025960222,0.00400554191073632,0.00508819337110333
"282","2/14/08",-0.0207123947788026,-0.0158149667861877,-0.0100162402333061,0.00095047488847122,-0.00547838406169776,-0.0048754188448028,-0.0186543649179893,-0.0202018962442393,-0.0138712922485901,-0.0111013311109157,-0.0153908170789813
"283","2/15/08",-0.00517359881725632,0.00176382724051383,0.00416610391709882,-0.00493826356245197,-0.00105475266508959,-0.00269442388374619,0.00814694092285384,-0.00486282598884591,-0.00623524054904212,0.00263097840788218,0.00493640712478083
"284","2/19/08",-0.0211072011589911,-0.00625979504211016,-0.000444559506548536,0.0265318418994906,0.0195938008269436,0.00417530814473555,-0.00252538988839723,-0.00879615772021813,0.00116756755602032,0.00367403815943068,-0.00777697032876634
"285","2/20/08",-0.0221875329848329,0.00826769668820981,0.00222343536773084,0.0164559790655265,0.0105869065861497,-0.000977849623153504,0.00624444687857184,0.00966304730167367,0.00393511374295263,-0.00244041346483259,0.0154699941370986
"286","2/21/08",-0.0100671510692826,-0.0183524738713173,-0.00606431303075206,-0.0212202401455162,-0.0148030343605192,-0.0159136577753923,-0.0271718311706846,-0.00527333464383062,-0.00929160806996276,-0.0104839804037579,-0.0146256170516313
"287","2/22/08",0.0109765393399073,0.0111380221446631,0.00714302384449006,0.00813011894042015,0.00693486082229278,0.00895606214660538,0.0282758572130664,0.00255251952026447,0.00674105212859333,0.00158926408371207,0.0154610369369601
"288","2/25/08",0.0121349352824252,0.0169157296019722,0.00723979028177135,0.025769431083823,0.0275481825347872,0.0050547440622366,0.0305162030340498,0.00861725875905783,0.0176130022606329,0.0167489351473686,0.0101502765315074
"289","2/26/08",0.0105693153267636,0.0143132281307616,0.00704144263074302,0.0147298857813334,0.00100525302490784,0.0074827339912622,-0.000162342490507617,0.0102912182501689,0.00243141976985739,0.00381469689075753,0.00341656121317024
"290","2/27/08",-0.0121759423526286,-0.0019067309498727,-0.00145660216011811,-0.00890559015112435,0.00100446796193032,-0.0141236946251247,-0.00471951591965702,0.00653461675311218,-0.00371011900171492,-0.00656392424205254,0.00740994860627775
"291","2/28/08",0.00142226185728367,-0.023691342478299,-0.00481409616758788,0.0159043475440019,-0.00423654311513211,-0.00716292334029645,-0.0206016402445757,-0.0095473914370513,-0.00472637123222241,-0.00765086748340249,-0.027832600993878
"292","2/29/08",-0.0301405700755003,-0.0309199246685267,-0.0174438722903698,-0.0299839259528233,-0.030340277459255,-0.0241329075974156,-0.0143570984874545,-0.0235203109619304,-0.0253271000571031,-0.0152444253093187,-0.033742152442378
"293","3/3/08",-0.00357946286378419,0.00181749373654183,0.00447594826483,0.0062004051765514,0.00738941663524684,0.00573642833582011,0.00694435932663051,-0.00671272398826372,0.00634839922431607,0.000177848731473418,-0.0133339945032496
"294","3/4/08",-0.00881779161973839,0,0.00148523685036084,-0.0112373606414199,-0.0179940949908221,0.0154628158461028,-0.0094200362079121,0.00357785913445863,-0.00586843647332369,-0.000355867597479742,-0.00750702038095374
"295","3/5/08",0.0126854800708474,0.00100785565721573,0.00355932885416155,0.012647982171452,0.0242764611257758,0.00112262583879841,0.0137544796765392,0.0077241802706578,0.0104781535023977,-0.000711606532186271,-0.00605124371244548
"296","3/6/08",-0.0222874886234498,-0.0285941225053158,-0.0128567860707945,-0.0209068489187506,-0.0160666507820719,-0.0201968374174852,-0.0455608427281081,-0.0188679028967107,-0.0200090100466082,-0.0217275896127379,-0.0358776893929806
"297","3/7/08",-0.00282851655450223,-0.00891402015018339,-0.00508976183845045,-0.0197818064717056,-0.0336999449019177,-0.00318091094676876,0.0163213970996887,-0.00120182476378339,-0.014902902727458,-0.0107409104893007,0.00248056062403013
"298","3/10/08",-0.0250291911268802,-0.0163146269213226,-0.00376143209090896,-0.0144285194938352,-0.0341563875783207,-0.00638242785789767,-0.0141599586425764,-0.00982761966776657,-0.0228441130717385,-0.0228196219484869,-0.0247465864740527
"299","3/11/08",0.0308061000183029,0.0306189870579534,0.0172178228964253,0.044110639569122,0.0575756021095013,0.0259507202582876,0.06498538282977,0.0322058854671805,0.0380862815791059,0.0064032230399691,0.0680505294026521
"300","3/12/08",-0.0195916850723247,-0.00515801531162907,-0.000742349111765406,-0.015395868508094,-0.00328528460787525,-0.0100174507192163,-0.0210528230429232,-0.00392471432393826,0.000447615992239747,-0.000935661181524994,-0.0203020580659764
"301","3/13/08",0.0013548591544974,0.00746575395328497,0,0.00846976954126388,0.0208357007098956,0.000885643324476826,0.0117610476293724,0.00256113474379838,0.00775196251565236,0.00280981342584208,0.00529095929858792
"302","3/14/08",-0.0216472425797645,-0.0189376605634356,-0.0150075610529437,-0.00784513835881118,-0.0119926680411384,-0.00808855745324089,-0.0202590896176497,-0.0192573126934461,-0.0139053517560879,-0.0158763263247845,-0.0324562985160566
"303","3/17/08",0.00570433216006783,-0.0161562361815933,-0.00482736636796144,-0.0328371109070263,-0.0233426794156344,-0.00496865769205768,0.0061014896383762,-0.00380684067960557,-0.00675072073060679,-0.0060733158587567,-0.0167723370955952
"304","3/18/08",0.0302508458453024,0.0396672196602783,0.0225862317061412,0.036645392392785,0.0359702969148767,0.0185660659022737,0.0439690528562957,0.0351972331086223,0.0421386161133557,0.0231049431110206,0.075380240363095
"305","3/19/08",-0.0176842937556138,-0.0106667070635404,-0.00429911849869691,-0.0536277995890831,-0.056523329891711,-0.0183533323167377,-0.0075845669821194,-0.0229260670120555,-0.0253622389565712,-0.00447931412210811,-0.0180064272445034
"306","3/20/08",0.0251361097609197,0.0308935688309473,0.0131013736288685,-0.00107834421146746,-0.00293401122192627,0.00204858820405307,0.0333334422349894,0.00894821645746613,0.0175463306330215,0.00843662669975975,0.0587208031072801
"307","3/24/08",0.0309806402842061,0.033789637224255,0.0132254500043938,0.0183530747397354,0.0323727480815656,-0.00229978786133556,0.0225022842355538,0.0321243635347292,0.0173901345144378,0.0113404482861954,0.0101035857985561
"308","3/25/08",0.00369582996733953,-0.00272420352983227,0.00232049974139659,0.0103122744230142,0.0244683628344218,-0.000438901539148939,0.00255843368311726,0.00229152217336193,0.00775631488661466,0.000183733412967957,-0.000760193817564869
"309","3/26/08",-0.00928566511011286,-0.0216540938102813,-0.00376211070204324,0.0222264709972473,0.00127522407697223,0.00309809752293999,-0.019180233053511,-0.0108590700378537,-0.00940698466990264,-0.00569771426200461,-0.0326689538795598
"310","3/27/08",-0.00145462266920471,-0.012163431368593,-0.00116189688506929,-0.00503939610227122,-0.0100738475157007,0.00913646892192066,-0.00820030230692781,-0.0169493682356373,-0.00604323808152962,0.00203317941053593,-0.0155052848408141
"311","3/28/08",-0.0100339694047583,-0.0238191590253504,-0.00116317199572424,-0.00281360364351146,-0.00245654340022239,-0.0108392311379508,-0.0117667913481783,-0.00626948981844178,-0.00550086273447137,-0.00590278448455694,-0.0170444980572367
"312","3/31/08",0.0116071771437682,0.0122001774802141,0.00174682808715221,0.00583124167792448,-0.00398671467558231,0.0096687975565195,0.00386151102625787,0.00236600220096417,0.00596822597934032,-0.00519585669007239,0.00439001746475953
"313","4/1/08",0.0326436620649686,0.0435137970219539,0.0165672472370091,0.0159904979704011,0.0277841289352536,0.0255364514399765,0.056900514942007,0.0352084717309804,0.0345820531023591,0.024995504149663,0.0675261628124084
"314","4/2/08",-0.0046950514368802,0.0041111426754461,-0.0062900157121657,0.0138057445068627,0.00778935317548979,0.0084658454283475,-0.004853088048834,0.000569970381192109,-0.000699243092088797,-0.00618740582985877,-0.00204730533854991
"315","4/3/08",0.0133650778653509,-0.00136476256877216,0.000431716034452023,0.00463010059556979,0.0162536595249239,-0.00493784761194538,0.0228589678523037,0.00170910751871411,0.00125969243568314,0,0.00348735556219792
"316","4/4/08",-0.0133437563442588,-0.00449053950686584,0.00100637339570309,0.0108440969175558,0.0155460652702895,0.00186086780902306,-0.015792518104321,0.000378853569745985,0.00209664137485444,0.00769086401186758,-0.0139004823984412
"317","4/7/08",0.00644762236994745,-0.0029415315437844,-0.000574605670107364,0.00223491061430714,-0.00341383837684461,0.00383852907865334,-0.00923434278843371,-0.00341083550908294,-0.000697270738295064,0.00327070540339203,0.00601186505704998
"318","4/8/08",0.00140626143856748,-0.0039340475430133,-0.00747426289198538,0.0111497366131101,0.00652005900625818,0.00592170557118221,-0.00137500856361727,-0.00494364325189767,-0.00418754831097168,0,-0.0115394415929525
"319","4/9/08",-0.0226245150616945,-0.0211294034374885,-0.0039105474223794,0.00238179864632149,-0.00977186720286427,-0.000367723294629752,-0.0250917568709111,-0.00592415090657372,-0.0135967213099054,-0.00815054973003304,-0.0158428859114617
"320","4/10/08",-0.00127684830222552,0.00847247007960594,0.00348960167508516,0.000967897700013598,0.00365897846268859,-0.00478430756286297,0.00973017349787342,0.0124951555540489,0.00838418808408625,0.0100439152463729,-0.00423687696590491
"321","4/11/08",-0.0196612356508994,-0.0196035537711039,-0.00854817788934958,-0.0126602312595439,-0.0134776423884539,-0.000740387044125934,-0.0122786651154615,-0.0262008795938229,-0.0427003179418045,-0.0162718605615935,-0.018081105570088
"322","4/14/08",-0.0017936055250346,-0.00673351320090776,0.000146061261085961,0.0172752266262679,-0.00257546390213947,-0.000369553347245866,-0.00582224383096475,-0.00565422214486566,0.00191374563788194,-0.00238941071073129,-0.0212301570451242
"323","4/15/08",0.00147005026701841,0.000821960431892643,0.00526001138969323,0.00857838671674349,0.00617457390312603,0.0114766907694548,0.0101298827590037,0.00196074131427482,0.00176314089096774,-0.0035002791426092,0.00885301730854327
"324","4/16/08",0.0229978352853886,0.0172412159167468,0.00712200983258859,0.0300292914485905,0.0435173636738015,0.0225720565301795,0.0405830536300107,0.0293544430731103,0.0268406911797332,0.00887400494282242,0.0353225902488563
"325","4/17/08",-0.00845031650676153,0.0046407846976928,-0.00533973457680048,-0.00337036929048962,-0.00235238477386857,0.00047736000846399,0.00361351321590719,0.00950538656344113,-0.00799875161907027,-0.0098955717416439,0.0114432619538958
"326","4/18/08",0.0154366239357386,0.0186783624168323,0.00377240545863389,0.0215590337236327,0.0136118224606618,0.00465151780335704,-0.00570156014894585,0.0216573909515649,0.0257741139397925,0.00999447276389898,0.0121515967429089
"327","4/21/08",0.00126680546370284,-0.0011829495309108,0.00115643043809444,0.0120830687466174,0.0014803709382849,-0.0059355536033715,-0.00739374070804433,0.00811063205259099,-0.00224604818510332,-0.00238231785984622,-0.0117986293941081
"328","4/22/08",-0.00917274195355711,-0.0144095908014874,-0.00837424641538376,-0.00106308660325349,-0.0147817338845111,-0.00513457146995822,-0.00243221291451978,-0.0126165801530582,-0.0120988809356404,-0.0132255083181323,-0.0119399202220896
"329","4/23/08",0.0236231856217053,0.0022028758927477,0.00800832039651733,-0.00777652464812961,-0.0142537962894329,0.00456071047764173,0.0124960325271508,0.0118518865978265,-0.000285188197194142,0.0128445225336089,-0.00529987666819653
"330","4/24/08",0.00951188155587146,0.0153877479702456,-0.00101122159168587,-0.0217803802228641,-0.0144593854802172,-0.00489909615309214,0.0198676847530328,0.013177107948426,0.00997176535261124,0.000183677742617183,0.0338876384635882
"331","4/25/08",0.00926771996998976,0.00905320703283641,-0.00404869566010779,0.013747058503256,0.0275783948797039,0.00288181795994347,0.00560815960583438,-0.00975408476425588,0.0078983941458739,0.00882045692602329,0.0152543062554589
"332","4/28/08",0.00275486558965099,0.00117035022039635,0.00101628378672669,-0.00183029352164421,-0.0091248483306906,0.000478875490011799,-0.00132098796653379,-0.00291890136942174,0.00181907310925022,0.00437146198257232,-0.000812123216590632
"333","4/29/08",0.00915764998074087,0.0062343446370583,0.00275558867637771,-0.0190867080798373,-0.0300109695295173,-0.00706032534569356,-0.0108741770870642,0.00786683338366223,-0.00586672739683036,-0.00779820818607901,-0.00467374013418631
"334","4/30/08",-0.00378095656447264,-0.0104550242876809,-0.0066531130466031,0.00943189353903429,0.00502639157811546,-0.00566480770732058,-0.0139654489471972,-0.0108913351548173,-0.000842961700061928,-0.00584922848616753,-0.0102085373357989
"335","5/1/08",0.0283893600124914,0.0297394519548853,0.00844496664705585,-0.0221384420884986,-0.00455645096281043,0.016848502297947,0.021546209794592,0.0345019229106835,0.0133594921794702,0.0170986413678755,0.0367162714047866
"336","5/2/08",0.00442841988548137,-0.000379925373490519,-0.00216580247152598,0.0148922061825008,0.0080379115635909,0.00727146110082622,-0.000885066858448247,-0.0039030294134258,0.00499581049841091,-0.00144596207980452,0.00238803462755199
"337","5/5/08",-0.0108757887431025,-0.0117845061649537,-0.00159137908519669,0.0134860122473677,0.0169457379071234,-0.00745562939933897,-0.00280487143567487,-0.00302741071825452,-0.005385199210172,-0.00181028038739073,-0.0117109874027034
"338","5/6/08",0.0046063061396453,0.00403911635957788,0.00376787856138749,0.0244369751251086,0.0128510279423151,0.000357189257984336,0.00695785562351192,0.0182207648109454,0.00555327441503906,-0.000725654639391338,0.00743080837109034
"339","5/7/08",-0.00857898185152939,-0.0145594509782394,-0.00938489729307435,-0.0124169596894783,-0.0143010004202611,-0.0137066323167415,-0.0271980232826921,-0.0229825177122824,-0.0169822526468764,-0.0147003344578026,-0.0348881601644868
"340","5/8/08",0.000746102884590316,-0.00194415974219009,0.00189461981316175,0.0190253716385871,0.0189811560586377,0.00374636545131213,-0.00604515894492497,0.00754167631195624,0.00758445463864144,0.00515742038300915,-0.0084695518441944
"341","5/9/08",-0.0052175177305579,-0.00350590112980953,-0.00610972046115976,-0.00235413254126604,-0.00952791850970069,0.000963179959259985,-0.0054736685501392,-0.00445519651872395,-0.00599354952877151,-0.00513095787627371,-0.00812469897179224
"342","5/12/08",0.00764254683209376,0.0195465925607703,0.00951423235475146,-0.0040680643475568,0.016644985709672,0.00950214941776406,0.0240025574468279,0.0121731287276969,0.0138831322601634,0.00865714243412041,0.0163833189455183
"343","5/13/08",0.00237979441797176,0.00402593027214793,-0.00101531939474464,0.0125815529692308,0.00435912951057782,-0.000833999894405357,0.00403101681003748,0.00141500345710499,0.00857511887388895,-0.00456525169243394,-0.0107461636015483
"344","5/14/08",0.0117210435950261,0.00992929813501742,0.0042089628837727,-0.0078263186731693,0.00433978415584169,0.00691622961288307,0.00624544033319308,0.00353232191045261,0.00219423510412797,0.00403594765843729,0.00689389095746451
"345","5/15/08",0.0104118496007106,0.0115335407281558,0.00852725245497443,0.0123607197252906,0.0123315546112754,-0.00236837716889682,0.0121176688584914,0.0200633922669065,0.00492619883294543,-0.00036533835472019,0.010580163772631
"346","5/16/08",0.00261260631611093,-0.00691593991274353,0.00200629573132538,0.0303637695384995,0.0141593139721072,0.00700378747061414,-0.00525602708778827,0.000689868110819392,-0.00108950695134202,0.00201033509821125,-0.010675341705937
"347","5/19/08",-0.000144726722702049,-0.00489351135450145,-0.00157316918515937,0.0085758005601686,-0.00503034528339685,0.00848763963589882,0.00161418015387871,-0.00499979778928272,0.00204474182139025,0.00255401883296558,-0.00435750319754724
"348","5/20/08",-0.016939331496993,-0.0143750100500434,-0.0071623511133494,0.00888928689399315,0.00402376045425301,0.00338959283156881,-0.0134815786259804,-0.0124763378291651,-0.00993057184851354,-0.000545822675028451,-0.0183409896626003
"349","5/21/08",-0.0153165722714548,-0.0201496590395392,-0.00908950569836942,-0.00865770306845193,-0.0273353715869235,-0.00116507378259467,-0.0240646187962273,-0.0187751981230924,-0.0174499930200833,-0.0047333215948705,-0.0233541964382489
"350","5/22/08",0.00688000459460403,0.00215437526317563,0.00873615985280063,-0.0129069103526497,-0.00295811994128781,0.00501506088286585,-0.0085231867557507,0.00429189577386246,-0.00209745280543516,0.00548737651881281,0.00826068303124794
"351","5/23/08",-0.00906121771475843,-0.0150479118903418,-0.00447426325196942,-0.0192606242417622,-0.0140934804475235,-0.0163627243265623,-0.00475906881283417,-0.00551997744932564,-0.0117713570648452,-0.00964173584482386,-0.0157391896997385
"352","5/27/08",0.00779502501407947,0.0101189809476063,0.00536420218411848,-0.00383211660325922,-0.0038692357480471,0.00542727017026157,0.0137279765368119,0.0180843354376352,0.00808258890438651,0.00606183826865481,0.0100761860723713
"353","5/28/08",0.0105606078405498,0.00648212323556741,-0.00245164971527168,0.0132232932355476,0.0282694375806349,0.00105582769849466,0.00167404013591832,0.00545180354283481,0.00970629183514227,-0.000730273762514444,-0.00607223424567349
"354","5/29/08",0.0164850467757951,0.0109288903085181,0.0106983386204687,-0.018429178024406,-0.0100734146072979,0.00574357969813333,0.0107852967802895,0.00892071988635035,0.0043188334044193,0.0153479806426891,0.0165827885567318
"355","5/30/08",0.0015930087218754,-0.00463305279351034,-0.000858209835097101,0.0070103533889192,0.00911588026044918,-0.00139869221552136,-0.00465876808379773,0.00485460099055901,0.00721317775192376,0.000899818761461502,-0.00815610223587726
"356","6/2/08",-0.00968618115875119,-0.010473521813824,-0.00615592792840203,0.00488128841642776,-0.00546245080551855,-0.0067687302677617,-0.0167597423512121,-0.0127675534844717,-0.00881442843502467,-0.00898964787881662,-0.0142828352182849
"357","6/3/08",-0.00744545967165844,-0.000195991372367699,-0.0014407485916148,-0.0141744318417867,0.000633618449686013,-0.00540598566654416,0.00660319027279899,-0.00122327450452808,-0.00527992208420414,0.00308420490840522,-0.00592726166044699
"358","6/4/08",0.00132373492922366,0.00372486245083281,0.00461637995243569,-0.012924016627855,-0.00612190046056527,0.00519876702031929,0.00518696352400339,0.00594932518254998,-0.00237449872990503,0.0028938596522825,-0.00397531878706847
"359","6/5/08",0.0280552023355152,0.0128907253091521,0.0104825546322143,0.0447628073151352,0.0344096507042333,0.0166902138096849,0.022916774355308,0.0177421859693261,0.0148417978658402,0.00991886729512981,0.0177386960488937
"360","6/6/08",-0.0250035210556702,-0.0354801694858962,-0.0250106946260249,-0.0119842413035641,-0.0225871580297633,-0.0219654409636816,-0.0418397122384245,-0.0266622056178463,-0.0342165939087781,-0.0248213819174178,-0.0450984861626421
"361","6/9/08",-0.0109908147783213,-0.00579777356325106,0.00116611443886105,0.0229112654244603,0.00945364096240842,0.0137115373925754,-0.0198205615696923,-0.00351201153604475,0.00271451867513006,-0.00659237505711807,-0.0143738421305728
"362","6/10/08",-0.00992706701585822,0.0028151723376022,0.00858916790513731,-0.0209253811320593,-0.00978117688487401,0.00174930153787511,0.00047418542340294,-0.00405288157306183,-0.00170989678742695,-0.00442392802935354,0.0013890923212394
"363","6/11/08",-0.0242446234941419,-0.0232605019456532,-0.00938218814232017,0.0088656075147524,-0.0163935379103883,-0.00942826948444364,-0.0151588833121916,-0.0245928487165976,-0.02254885719208,-0.014441649417237,-0.0277393293113282
"364","6/12/08",-0.00260702921302081,0.00718546252542618,0.00437123344031609,-0.0180462556145339,-0.00203007030048818,-0.00211541675046178,0.0102615440160914,0.00852506687903931,0.00058416042635967,0.00356923469311621,0.0180692609896125
"365","6/13/08",0.0169151598747175,0.0246637663718225,-0.00232117300443824,0.0104672681554463,0.0250509222857165,0.0108336172141239,0.0166641226600037,0.0161872820924946,0.0138625727092789,0.0129168354328053,0.017281681863238
"366","6/16/08",-0.00559481470861656,0.0011934693464708,-0.00712526957898818,0.00482385622451997,0.00146211373888927,0,0.0132688197615332,0.00831855147071336,0.000575784126605194,-0.00277233668799892,0.0103303321424217
"367","6/17/08",-0.00152082974565826,-0.0119213448380963,-0.00410058740006725,0.0194379313021593,0.00552697377757427,0.00407711058247751,-0.0283471060241833,-0.00509062501452195,-0.00733604035273194,-0.00500370772713676,-0.0284024062589064
"368","6/18/08",-0.0132500327291086,-0.0193043128401859,-0.0105883830397958,0.000463417304335856,-0.00591147926967295,-0.00498880895774634,-0.014745846176528,-0.0125261873469216,-0.00970886555947725,-0.00856763657647264,-0.00982235089206551
"369","6/19/08",0.00709990382582992,0.0112775293964693,0.00327009043038151,-0.0189815264017619,-0.00125196477312473,0.00396471124008868,0.0231737406534449,0.0114345689578474,0.0109745977021589,0.005447872423894,0.00566842824084635
"370","6/20/08",-0.0242146814707989,-0.0289940844727473,-0.0117037398736644,-0.0073933293328976,-0.0161912453549744,-0.0126598163265359,-0.0224913116770219,-0.0284401512876584,-0.0162107716029715,-0.0125185010848964,-0.0218413127154958
"371","6/23/08",-0.00691065964958981,-0.015869865784331,-0.00569629102302938,0.0304276290707624,0.00721982036575564,0.00694048980281159,-0.0247786181343673,-0.00163616853547555,0.000294269847226802,0.0018921454312939,-0.0254496879802246
"372","6/24/08",-0.00411190876853995,-0.00678991888608582,0.0030149595888036,-0.0116117090220159,-0.0238243803478887,-0.00533649823255178,0.000635246410801482,-0.0065563396353332,-0.0132373323908942,0.000755554919907864,0.0110992071795875
"373","6/25/08",0.0111163674542256,0.0158087592608989,0.0112732348513795,-0.00638001726369231,0.00291579033308587,0.00496313414021055,0.0163740933752645,0.0148486573577837,-0.00312998928587804,0.00886950356675364,0.00442007417519719
"374","6/26/08",-0.0299984886907099,-0.0336488688542457,-0.0193222544680545,-0.00782986352926374,-0.0320879216196706,-0.0235180877733449,-0.0333715047258664,-0.0332368161244029,-0.0367823380918084,-0.0177705313185772,-0.0381412938499421
"375","6/27/08",-0.00615293849736964,-0.0067464663069372,-0.0113668272045372,0.00828648192858927,0.00578514481699566,-0.0095138081129067,-0.00782304184877392,-0.00467127818081359,-0.00450162381726671,0.00323766407516524,-0.0124559362058934
"376","6/30/08",0.0140111641242153,-0.0131463912696268,-0.0010731505389433,0.0118189990378212,-0.00442446252931139,0.0204258033526212,0.00137132079306501,-0.00957390685633697,0.00561364337725334,0.0077826477478562,-0.0216215763502982
"377","7/1/08",-0.0086761183644013,-0.000443923320560979,0.00383661638220212,0.00858675737092662,-0.010554314236747,0.00643392403691756,-0.000856250917856682,0.00189558880661544,-0.000620468549760278,0.00583920083451228,0.0113126581868714
"378","7/2/08",-0.0226901810420134,-0.0182140802775659,-0.00305774731316599,-0.0292222864338416,-0.0571528179823484,-0.00734005854568842,-0.0123347805610465,-0.017215387810398,-0.0341348806187679,-0.00393248883934105,-0.0143077072260128
"379","7/3/08",-0.00829195581618469,-0.00135755300084894,0.00460072903255271,-0.0129573281040606,0.00500193429464346,-0.00977932220004685,-0.0102340999584596,-0.00134728153619246,0.00514069831436248,0.00075207854100845,-0.00580642546121368
"380","7/7/08",-0.00351173401136506,-0.00679675514955758,0.00228977946236086,-0.0220923928759946,-0.00201420882994074,-0.00903255873265152,-0.0224325692332046,0.00443317445476121,0,-0.00638749374971137,-0.0310590546270416
"381","7/8/08",0.0283604630413516,0.0257756935021922,0.0147727519582737,-0.017516468313849,0.000593424754608218,0.00352443994014284,0.0745784364327766,0.0101706839847302,0.0239730392364745,0.0298733412164409,0.0591776630508514
"382","7/9/08",-0.0259466621176487,-0.0237935123395602,-0.0051027477741068,-0.0251604667935559,-0.00201695773234789,0.0104151822287508,-0.068234649625859,-0.0284954958596926,-0.0226313793844024,-0.00367165453491858,-0.0499225114668841
"383","7/10/08",0.00770672131229966,-0.0211845956647583,0.000151014468197541,0.0358944993171741,0.024018867688187,0.00227716833787817,0.0193374842858414,0.0113415266343262,0.0119768317427722,0.00515929892217049,-0.00517291395470998
"384","7/11/08",-0.00232761959660743,-0.013730416046993,-0.00467590357606762,-0.00420762966436661,-0.00464463060406517,-0.00502270082808054,-0.00491813086074422,-0.00908746657295645,-0.00962603540412588,-0.00898240274409035,-0.0207990097194581
"385","7/14/08",-0.00933182268611987,-0.00471926245906029,-0.00333355738200602,0.00737364230429249,0.00279937756022464,-0.0117789087964827,-0.0347754826566927,-0.0159998147364989,-0.00063741656007088,-0.00850948157712927,-0.0466738741179573
"386","7/15/08",0.00302799359681183,0.00260784520193513,0.00516932909774881,-0.0398058747313729,-0.0151228925591578,-0.00754042468820471,-0.00969248553046287,0.00694007050157608,-0.0169003772650516,0.0166047780344023,-0.0284372733680922
"387","7/16/08",0.0117387315001876,0.0430360786736153,0.0104370141752685,-0.0214988005983723,0.0131110190853423,-0.0176471193662708,0.0729457157587976,0.0230407159251822,0.0334091627621043,0.0093595687152197,0.109534960679855
"388","7/17/08",-0.00116027906497518,0.0276583482285384,-0.00314380550583571,-0.0168070044183649,-0.00314786221498919,-0.0143463904206577,0.0120480020221116,0.0165544198372669,0.01490887308446,0.00654547738010813,0.0386189420288507
"389","7/18/08",0.00215736747595607,-0.00529461495682604,-0.00630706528241065,0.00783472506549243,-0.00666648837022243,0.004682829187451,0.00170040103618363,-0.0151490121562937,-0.00247423065484575,-0.00433539721526732,0.028803050409892
"390","7/21/08",0.000331363137633822,-0.00887112218714237,-0.00377823486787376,0.0340988665136017,0.027316254220985,0.0127237145704597,0.00747034068574437,-0.00519088593371708,0.00434038336664777,-0.0054427298168952,-0.00814455305350381
"391","7/22/08",0.00231732043327271,0.025956718166239,0.0172936733470304,-0.0283614315003429,-0.00767851175395717,0.000870671901597397,0.0267947161317557,0.000773061771898176,0.0203734086140166,0.0100327705671113,0.057223620152123
"392","7/23/08",0.0295622297163076,0.0211556479214268,0.00581588180968251,-0.0397396508541907,-0.019635207425028,-0.0210041571818873,0.0282293185264433,0.0135188889109625,0.00801704520804125,0.0084886082834621,0.0208734990396542
"393","7/24/08",-0.0219761168595732,-0.03011540757025,-0.0109710704342199,-0.00531055424446614,-0.024387418398948,-0.00901337240803424,-0.0662410522589901,-0.01924561361958,-0.0274609424750641,-0.000358246929096251,-0.0606275423223178
"394","7/25/08",0.00344425219398281,-0.00528490483178534,-0.00134915422910087,0.0126107229222592,0.0146115425848976,-0.00717392387225257,0.0164102159943609,0.012240052563945,0.00941215690736885,0.00501612208210878,-0.00480893606584665
"395","7/28/08",-0.016018107137678,-0.0245737842918732,-0.00630444049373258,-0.00481791893190553,-0.00595096296279907,0.000903139315988621,-0.0163135020589156,-0.0230324026326412,-0.0217057425405649,-0.0094474412262362,-0.031790749812685
"396","7/29/08",0.00730890350900615,0.0333634342603488,0.0188822152728427,-0.0109609782088572,0.0228686604463346,0.00232043095942913,0.0465037871850769,0.02534360484827,0.0292187852470809,0.00593859350738968,0.0682958208243698
"397","7/30/08",0.0100593161013711,0.00131759046620528,0.0102298219251415,0.0561510101545908,0.0316050381075921,0.0158199363835378,-0.00343090215333641,0.00479023459493755,0.0162440068900993,-0.000536580250813046,0.0149985726490376
"398","7/31/08",-0.00865303172927012,-0.0070189738516655,-0.0133548187858519,-0.0328787245194508,-0.0170202062439525,-0.00430449967455304,-0.0124588342959382,-0.00705547555177588,-0.0191214869443165,0.00787529968975575,-0.00920556856249166
"399","8/1/08",-0.00839925452200141,-0.00309262610561178,0.000594947091241416,-0.00280288399090889,-0.0217014852891499,-0.0270855342571241,0.000830089399656453,-0.00345724740319731,-0.00639686936822181,-0.00905714146477399,0.00806846433783814
"400","8/4/08",-0.0137850964425522,0.00110800754236795,0.00862162296739788,-0.0529515289734986,-0.0403541278213294,-0.0134627261159077,-0.0145963471175268,-0.00481786482497137,-0.0101164030844401,0.00949817035687905,-0.017705189646173
"401","8/5/08",0.0257662239607346,0.0438249685580538,0.0250556233839363,0.00641479615268881,0.0108202261091614,0.0115265593415572,0.0449419861581917,0.0245934635313307,0.0252401279301997,0.0244983440184117,0.0412344541311547
"402","8/6/08",-0.00492524713117193,-0.00318088978354747,0.00330676619715486,0.0225453777414983,0.0139884554514311,0.00209572857874663,-0.00483247982225599,0.0139859004161742,0.00166136843102582,0.00537198938807193,-0.00592864944623017
"403","8/7/08",-0.0171589236048483,-0.0182938189795614,-0.0179131999922382,-0.0136756785547826,-0.0137954780216935,-0.00509780556121897,-0.026383833030299,-0.00111826827620187,-0.0107056088450229,-0.0124095367261682,-0.0434160782215095
"404","8/8/08",0.0282021564956803,0.0455037080813006,0.021158471094237,-0.0105639733388083,0.00340584810659372,0.0134004321152783,0.0290936210885095,0.0208993501269179,0.0285015078919346,0.0214659590297992,0.0396507084127673
"405","8/11/08",0.0204081142009613,0.0277720906584089,0.00457297256761247,-0.00285974932105881,-0.00569765228435593,0.0115370359741251,0.0323102041761474,0.00804251982646953,0.00489039380036194,0.00239212870031791,0.0153515041051933
"406","8/12/08",-0.00256011920264054,-0.012905810403162,0.00540517413209596,-0.00487558825341083,0.00597399546799826,-0.0193517181866161,-0.0223786521396803,-0.000725262356884304,-0.00943822428932839,-0.0030682514800251,-0.03992416769504
"407","8/13/08",-0.0091433243488841,-0.0157304893494705,-0.00367854346961216,0.0354500707939671,0.0232701758508675,0.00993227642374883,-0.0145667279792685,-0.00217759014076979,-0.00387050742144524,-0.00273537286605541,-0.0305118514814736
"408","8/14/08",0.0064758340329969,0.0186802564742177,0.00213007002617815,-0.0165152740517523,-0.00568566787829772,-0.0102223223313458,0.0160817495801793,0.00818341166012493,0.00597801343451243,0.00445733905752088,0.0243654134907745
"409","8/15/08",0.00820335679551754,0.0099836509368989,0.00991936585803388,-0.0134903879963884,-0.0101248342269102,0.00562145209981635,-0.00143894515036636,0.00108216241553749,0.00564558763120693,0.00802184367777659,0.00644209930008599
"410","8/18/08",-0.00877487438003233,-0.019165175064626,-0.0105235489683076,-0.00784169198308249,-0.00541521152358793,0.00247017987991782,-0.0137685503656177,-0.0129729218850958,-0.0115230225521249,-0.00745007461968217,-0.0214177183520271
"411","8/19/08",-0.0228554290919392,-0.0224187166667357,-0.00907540804988982,0.0265061221070484,-0.00399276468062959,-0.000259563269894181,-0.0246754501058775,-0.0096751862697948,-0.0182335189645204,-0.0110883635555555,-0.0276728873722349
"412","8/20/08",0.0016474297441893,-0.00547006710805076,0.0012879332140916,0.0311734175772982,0.0143346783913296,0.00648608383291305,0.00149778326691918,-0.00165901594761153,0.00121784103407241,-0.00569256651704741,0.00853771224211708
"413","8/21/08",-0.00164472018323847,0.00232703430915393,-0.00514512509125187,0.0206702766688747,0.0112571360892746,0.00786151387645906,-0.0177828764483349,-0.00350778209733926,0,0.00104097155800531,-0.00949224617545807
"414","8/22/08",0.0182838650399209,0.0219501495957886,0.0112054526690062,-0.0126683824605875,-0.000828916176355943,0.00306929115218346,0.0340102018316479,0.0133404604617722,0.014900225487027,0.0112649343504923,0.0253821890398513
"415","8/25/08",-0.0242641651359164,-0.0227178299802712,-0.0110812818892839,-0.0192463484623616,-0.0259570392778289,-0.010581061938887,-0.0302734134694171,-0.0166391773228514,-0.0188762701331389,-0.0107966330728131,-0.0285422696825648
"416","8/26/08",-0.000165744738455431,0.000845387318118673,-0.00660819183043915,0.0203609695051494,0.0088829105508379,0.00901917961804499,0.0118124937995321,0,-0.00061084532770761,-0.00450458985012803,0.0106599795621625
"417","8/27/08",0.016746773469581,0.00654541339752868,0.00723071162750433,0.0150791455821837,0.0129056179027736,0.00868340805261303,0.0100066561454673,0.00836730103260575,0.00794509734800686,0.00382878339190418,0.011834767401095
"418","8/28/08",0.0221789712111515,0.0230752791006323,0.00315859136492636,-0.0108522517657142,0.0153606622936164,0.00607696359318965,0.0254292208256541,0.00110653577414266,0.0233440534841378,0.0053744714652324,0.0386473635141535
"419","8/29/08",-0.0111679562234405,-0.00779157978938061,-0.0115927569192621,-0.0121402524509573,-0.011492943502317,-0.0157295945810224,-0.00692433913643065,-0.0156566647021209,-0.0133315927296837,-0.0106915435625918,0
"420","9/2/08",0.0127458385620778,0.0150856480565189,0.00926690775317351,-0.0525257575587794,-0.031795013270467,-0.0147022847890729,0.00648634326804887,-0.0145957679009231,-0.00195159682364232,0.00174298617329094,0.0171353199427107
"421","9/3/08",0.000637530610232862,0.00753265499677247,-0.000143249046813954,-0.00557281449381897,-0.00122526908931087,-0.0123262731224562,0.0157886878754836,-0.0155718140645418,-0.00797244246931839,0.000522232980737058,0.00914620233048802
"422","9/4/08",-0.0343895927372099,-0.0319256467337203,-0.0120534509621462,-0.0238650939708724,-0.0404855188858285,-0.0124803192434537,-0.0280728375942753,-0.0339504983346073,-0.0360877713812997,-0.0233044137490416,-0.0410210132407668
"423","9/5/08",-0.00544107664434179,0.0035482562953264,0.00886006520385374,-0.00296938145996239,0.0139365933183722,-0.0175599570185691,0.00016281918348815,-0.00159737313296426,0.00204521233660793,-0.00587601249654435,0.0310868215552154
"424","9/8/08",0.0233754773934363,0.0353580018642359,0.0208752365718829,-0.00962945527022285,-0.00693583947028742,0.021529934937923,0.0432368686446061,0.00619997095484837,0.0149134757976095,0.0189860219807412,0.0402799273212988
"425","9/9/08",-0.0132837699272949,-0.0233028313241556,-0.0064871720130617,-0.0696673490298513,-0.0502853824724385,-0.0292947957866924,-0.0373786235789254,-0.0230570245561886,-0.0341842581559126,-0.0156441900736193,-0.052863379587615
"426","9/10/08",-0.0175668294475922,-0.00205665985474834,0.00156131528314951,0.0390045877774761,0.0187188301666528,0.00614518285228782,0.00178720968856205,0.00773129587790122,0.00736722302033299,0.00142840373577213,-0.00783352366779355
"427","9/11/08",-0.00167135745122293,0.0133966307354929,0.0131802245805697,0.0145181483012327,0.0198190541859848,0.012079197157757,0.0152448032983132,0.0102968994179331,0.0143083884538833,0.0172968792216093,0.014063578959413
"428","9/12/08",0.00418510449500431,-0.00732160490188727,-0.0004195569437484,0.0319942084325178,0.0328185649262658,0.0146174567436759,-0.00319474766770522,0.000799324976603399,0.00141052653398033,-0.00666098794390502,-0.00364953695508385
"429","9/15/08",-0.0486747082361356,-0.0286827011111171,-0.0146933424775876,-0.0624998678856685,-0.054455029887006,-0.0329108702004153,-0.0576922233866179,-0.035143620111374,-0.0408512617348317,-0.0206458103834543,-0.0805861902041871
"430","9/16/08",-0.00508163534469386,0.00611685347614777,-0.0014203228422649,0.0327524182270953,0.0213495896588898,-0.0087462962136603,0.049319819180714,0.00186249975855723,0.0117492840251427,0.00234254851210913,0.0557770833167774
"431","9/17/08",-0.0561818469905386,-0.0454925862366798,-0.028729994187749,-0.0353966556776264,-0.0415486533608069,-0.0528062696418174,-0.0575365043425216,-0.0450319611395256,-0.0438710951222433,-0.0321768688261804,-0.0820129979877623
"432","9/18/08",0.0473971266193303,0.0395342020629785,0.0193292590395837,0.0391345682843989,0.0228864406034732,0.035080298582163,0.084952758920839,0.0378542193494797,0.0344130651140087,0.0215452805945018,0.0907097208850722
"433","9/19/08",0.0466771599691835,0.0202834158823046,0.000574737867560016,0.063686491158512,0.0579098843601753,0.0361413114985758,0.0297984196808088,0.0329302996277081,0.0358775461545979,0.00909072517575171,0.0821609054182664
"434","9/22/08",-0.0500425073491622,-0.0474220936646655,-0.0235462438239562,-0.0118976745867527,-0.025379441806203,-0.0233443142519824,-0.0840386693778242,-0.0361179281484827,-0.030069505250682,-0.0108105424997342,-0.0559553427983808
"435","9/23/08",-0.0180971787899561,-0.0147823964974868,-0.00558740726338003,-0.0263160001511346,-0.0358687649264774,-0.0100056145957295,0.00672147763152631,-0.00795473555978732,-0.0267813950603785,-0.0185794031297041,-0.0142646983209528
"436","9/24/08",0.000729864129208835,-0.00573709260660693,-0.000147711279905205,-0.00658217785466331,-0.0090034486909194,-0.00237869124494561,-0.00689865771048637,0.00379833762899628,-0.0131755073220187,0.00352650825327627,-0.00482947281054524
"437","9/25/08",0.0247995021706193,0.0179760764633923,0.0159712333575472,0.0213834168038713,-0.00133599513473937,0.0237046224443951,0.0124293051591839,0.0178682460423736,0.0158866084827436,0.0157203543468369,0.0184527341531013
"438","9/26/08",0.000355992387355952,0.00632231641109637,0.00640469227110962,-0.0171025077932941,-0.0264882698927401,-0.00693301712554983,0.0309452656909441,0.00309789506884783,-0.00532361281113303,0.0052800779135751,0.0307765634950352
"439","9/29/08",-0.0538953694392207,-0.0660745492850534,-0.0325427773259377,-0.10029999529604,-0.0884977909920625,-0.0523596668254611,-0.074714446622186,-0.0798847168425464,-0.0612141106375598,-0.0412967695419497,-0.0669393467527377
"440","9/30/08",0.00300811736223006,0.0227325449911358,0.0158470866160736,0.0362344925418137,0.0298505971976746,0.0117873250570282,0.0719323106358807,0.0382636796548621,0.0352751712569748,0.0183261473731757,0.0136771828868636
"441","10/1/08",-0.000749807107530032,-0.00476302632398395,0.00941873457559095,-0.0141588448037109,-0.0163958696761101,0.00262100122374354,-0.0241778275340041,-0.0170259037366356,-0.0278781181235249,-0.00593688749752852,0.0206217804240592
"442","10/2/08",-0.0296380111409138,-0.0435278120387622,-0.0131213284164383,-0.0719180025212997,-0.0887037976497658,-0.0252718021831915,-0.0645539914850307,-0.0462614537387185,-0.0669146558988511,-0.0141843908487588,-0.0359191934805997
"443","10/3/08",-0.0146916872146117,-0.0338337274474331,-0.00738661080196834,-0.00199286859852266,-0.0102889053622441,-0.00864262453520859,-0.0432436995624919,-0.0126440669381738,-0.0161258919938728,-0.0113592987478524,-0.0393276809177358
"444","10/6/08",-0.0468902555714092,-0.0318125827024617,-0.034826787015115,-0.045107451432523,-0.0425743120792745,-0.050804307074521,-0.0299432193497436,-0.0386493943544296,-0.0227536740864047,-0.0463424326845927,-0.0250471952422799
"445","10/7/08",-0.0428162703302037,-0.0618949142186358,-0.032690935075334,-0.0627385826651806,-0.0625646394277466,-0.0416468765177972,-0.0858086266912729,-0.0615161918568597,-0.0536698884281933,-0.0333334506765591,-0.110220885732335
"446","10/8/08",-0.0404300400793213,-0.0143906062661374,-0.0178541048943831,0.00630018438096003,0.0248208249659072,-0.0241242259144963,-0.0138032282190718,-0.0082581317903031,-0.0068809893105769,-0.014333084526027,-0.0363242699847093
"447","10/9/08",-0.0632002804398147,-0.0617079141004562,-0.0538872367546519,-0.0995175404587367,-0.0595622488844879,-0.0529968386387661,-0.0792420589725649,-0.0252406866923022,-0.0543773714056335,-0.0644888014886744,-0.104381321024702
"448","10/10/08",-0.0291866282515399,-0.0117439489487172,-0.016984187909193,-0.0748840450462048,-0.00457853253334395,-0.0466656140995387,0.0956500326201946,-0.00961006399901587,0.00222028210502989,-0.0326652840250625,0.0737407876108742
"449","10/13/08",0.139724072502976,0.0799167545971255,0.0717274590021484,0.170972254621961,0.105787723058417,0.124343462621087,0.0636073918477462,0.10970336184108,0.0939300827319438,0.117838912684072,0.0981576513055178
"450","10/14/08",0.00172970306723186,-0.0272353285964392,-0.0232859486658383,0.00441227011054313,-0.0266899125004514,-0.00950763906692398,-0.0680313062511124,-0.0391057424750009,-0.0214663038491699,-0.00312493478021059,0.0161684182732882
"451","10/15/08",-0.0787826105665383,-0.0938914179694784,-0.0681893164437387,-0.162406779617451,-0.123041119478998,-0.0815089686105274,-0.128337759343944,-0.0793735700914036,-0.0931290531820301,-0.0689654441896873,-0.0759532044925576
"452","10/16/08",0.0215558625713945,0.0427591501456019,0.0461620681377273,0.0767640768728568,0.04203044507773,0.0410707690303762,0.0580534589433386,0.0499728209880124,0.0515746164200301,0.039955227136512,-0.000649799281677632
"453","10/17/08",-0.00160549590234504,0.0050884146728829,0.0054729965851863,-0.00118061091355404,-0.00214364700755065,0.00862956676632121,-0.010739881352284,-0.00235380349539716,-0.0147569802503018,0.00410080596491724,-0.00520165377257076
"454","10/20/08",0.048931385260123,0.0327577531745964,0.0267053021744827,0.115413165639577,0.0753763687948394,0.0803212547213639,0.00731610542771022,0.0311926879047213,0.0328193388150062,0.0337490770370825,0.0225492216422489
"455","10/21/08",-0.030880091779102,-0.0294119343544709,-0.0142481742540721,-0.0419981477501243,-0.0506630221710772,-0.0334571865871164,-0.0342079647093294,-0.052872413833516,-0.0234590708287521,-0.012892547300746,-0.0169384209806296
"456","10/22/08",-0.0752543665379743,-0.0617942636989171,-0.0346216630436106,-0.110081569725321,-0.0801454899857331,-0.0580267397771185,-0.070596923919971,-0.0399888749186438,-0.0539419970441873,-0.0530860691162208,-0.0617685783613534
"457","10/23/08",-0.00146614932757894,-0.00981663558826484,0.0019150403642676,0.0578089483489495,-0.0210022631072994,0.0397657989015063,-0.0261026102981273,-0.00782819075701713,-0.00692511496212389,0.0113456844991218,-0.0110877821166842
"458","10/24/08",-0.0416055307292421,-0.0428525373980757,-0.0370114893639669,-0.0417217999258007,-0.03653347791149,-0.0320984345409245,-0.0568215134212555,-0.0287404791639208,-0.0406785974838304,-0.0266169346479846,-0.0402945870817293
"459","10/27/08",0.00204290553587594,-0.0273973869595888,-0.0227352467059511,-0.0686800477136706,-0.050264371958492,-0.0356323289557573,-0.0568341340912409,-0.0261095755189693,-0.0295613009118521,-0.0375140762749689,-0.0412557823475035
"460","10/28/08",0.0945463824758301,0.110615032417596,0.0819790323248928,0.116707882583901,0.108867026266759,0.100969416035719,0.15637250218765,0.103365713716494,0.0846437621599743,0.0744306990224313,0.116146290253381
"461","10/29/08",-0.0032595538471043,0.0219608542561325,-0.0213307719536916,0.0260907261279872,0.0406112581944587,-0.0215980573628877,-0.035435061997246,-0.00215973190880026,0.00897803595005731,-0.0218530994907384,-0.0255888684205953
"462","10/30/08",0.0315347783172442,0.0230027054200308,0.0336530060639122,0.0620602329455227,0.0384229646974379,0.0494139566241913,0.0534844957589755,0.0208337171498465,0.0374170740075255,0.0272563924950362,0.0248603224131847
"463","10/31/08",0.0278529711253057,0.0340236819239137,0.0140014513035587,0.00825091808410039,0.0125920414972116,-0.0134304846335125,0.0643589468463088,0.00901126246513106,0.0283706499984946,0.0191389247585367,0.0505636346078671
"464","11/3/08",0.0277594303528526,-0.0157366772641132,-0.000166540458232278,-0.0220014764506329,-0.0072699498055161,0.0024602812136667,-0.0327632118993535,-0.00761779723887468,-0.00235249905540513,0.00640232153507103,0.00325208561029511
"465","11/4/08",0.0394426308114164,0.0311045119105604,0.0191347378142184,0.0677636561116648,0.0522257227871399,0.0158706030843032,0.0560400756704853,0.0338805545281138,0.0478027944345212,0.0118742613642369,0.0476497885389435
"466","11/5/08",-0.0682611983571151,-0.0549759552022828,-0.0297141172480743,-0.0485608008846874,-0.0609891516105616,-0.0336609430297485,-0.0983491536124598,-0.0529955085680117,-0.0517596342346036,-0.0303854345646837,-0.0832301395815602
"467","11/6/08",-0.0544491182750328,-0.0504178023441952,-0.0249035560781153,-0.0588715138953113,-0.056953280540981,-0.038166674975599,-0.0468219703730403,-0.0527167999025666,-0.0638616512898237,-0.0287445130097088,-0.0546744333944256
"468","11/7/08",0.029026335249305,0.0163368514435749,0.0184645566448627,0.0414635855084537,0.0347465692802258,0.04539910139579,0.0633918752981439,0.0234020031473896,0.0235071987058293,0.0242544041849251,0.0228490406914059
"469","11/10/08",0.00318485739307506,-0.0281299084867797,0.000338675511684539,0.00454625627505734,-0.00439706169389498,-0.0238682714517283,-0.0895481070835475,-0.0175682257626061,-0.00495366819645016,-0.0045622090599412,-0.046073251295457
"470","11/11/08",-0.0256237127004396,-0.027353670554186,-0.0176151840566406,-0.0373014159989785,-0.0457742493262718,0.000339258312727519,-0.013889029384664,-0.0224243097355215,-0.0246659819261182,-0.0183325248687767,-0.0186606740369305
"471","11/12/08",-0.0542238785038845,-0.0627862101446967,-0.0337930944757947,-0.077492542533607,-0.0637490329137804,-0.0234254792756917,-0.0715725359871194,-0.0484901867455847,-0.0591650246750921,-0.0326813494915091,-0.0626398498040305
"472","11/13/08",0.0649605657274341,0.0662944875147862,0.047644518981711,0.115194492831927,0.0844940396285379,0.069876510393917,0.109906843451571,0.0585900715362186,0.0582002517756084,0.0572283100101625,0.0743833524022424
"473","11/14/08",-0.000924265606821129,-0.0412302766065421,-0.0304887677156521,-0.0509554899722957,-0.06319922880222,-0.0313563195784983,-0.112691296975134,-0.0504467463432006,-0.0445120301178131,-0.0371740024933955,-0.0570159723661353
"474","11/17/08",-0.0404717041340208,-0.0317406272177142,-0.0138790802595646,-0.0151736499118688,-0.0188009239481209,-0.000503330245150257,-0.036152384721417,-0.0239828546630486,-0.0192682560545894,-0.0178368351980991,-0.0518256722355804
"475","11/18/08",-0.0161487149762147,-0.00810726595781697,0.0124711733968847,0.0303701899549034,-0.0108205197103846,0.00268490561616685,-0.00945861924256042,0.0083979343041849,0.00223837389490988,-0.0013792650046508,-0.00745341538585675
"476","11/19/08",-0.0690835306799482,-0.06645333965944,-0.0313217650836738,-0.0622572288583708,-0.0752052580625467,-0.0301255844816002,-0.134343001724869,-0.0545957575982591,-0.0709678626343742,-0.0389040303868932,-0.108885838484909
"477","11/20/08",-0.0663158445803259,-0.054815355839881,-0.0423250449110402,-0.125881704048637,-0.0882207261914325,-0.0562552020450087,-0.0791174977606061,-0.0450246619779519,-0.0633011922862791,-0.0649105190411782,-0.0959738210642581
"478","11/21/08",0.0510145686814056,0.0583971004705539,0.0477997054397887,0.116646208596026,0.0754055254123187,0.0830131743938118,0.0735232833916879,0.0502222598321029,0.0687195834170684,0.0379099888677301,0.0460899426212871
"479","11/24/08",0.0831324521672725,0.0776254626666646,0.0248009190650111,0.0677034498573685,0.0557927378585112,0.0178963943187058,0.170065558829784,0.0575797667797753,0.0568305149685926,0.0328231929262324,0.141584088720819
"480","11/25/08",0.0326811291121911,0.0211865703155663,0.000706651696394944,0.0141238287705687,0.0442751357165112,0.0107811656233838,0.0157845318017,-0.00430662401069948,0.0156524762323227,0.0100361114097733,0.0385949998718509
"481","11/26/08",0.0652123340174342,0.0605116566873956,0.017828557033015,0.06702473101313,0.0480969440749228,0.00689204954679079,0.0540627390697899,0.0410875129297665,0.0370370774704394,0.0104089952046142,0.0484345222100298
"482","11/28/08",0.017555497718184,0.00652107001062796,0.0128341061887338,-0.0150918412025196,0.006741740084101,0.0208607246845833,-0.0147424882910425,-0.0017805028661505,0.023250266131561,0.0124091951709553,0.0262840910098117
"483","12/1/08",-0.0809552756729163,-0.0877876311968822,-0.0568493385502596,-0.110988370538229,-0.106070461135879,-0.0673692359078596,-0.195136841045122,-0.0725324883026638,-0.0887795288529217,-0.0633669345619183,-0.161816130096645
"484","12/2/08",0.0640190077104408,0.0436792685121759,0.0139796295762376,0.0371116878706608,0.0507494057896092,0.0222528066986503,0.132842459740164,0.0323715764020158,0.0534704181525008,0.035802173505783,0.0824073598108506
"485","12/3/08",0.0303101567647568,0.0432118170023776,0.0157563593885302,0.00209615523238083,0.00137973736475772,0.0200934079791073,0.0560688111215197,0.0232847423208491,0.0258664238621253,0.0281287880560377,0.0487595672867569
"486","12/4/08",-0.0406147753748044,-0.000326178805994393,-0.0197427968259639,-0.0767965685328781,-0.0254938695205585,-0.0418581557138037,-0.0275172730918573,-0.0361042653309032,-0.0328258716513291,-0.0248087832166007,-0.0163133310900396
"487","12/5/08",0.0434780721007177,0.0381731335699202,0.0357849856057249,0.0195825178713609,0.0292246446423243,0.0210724261054827,0.105859019841861,0.0384011009201393,0.0322183019882978,0.0356632465935962,0.0766999274636102
"488","12/8/08",0.03859683071466,0.0336265736597736,0.00312520968702712,0.056825280113026,0.0757959180947594,0.0120810682479087,0.0933171301319413,0.0445589105987922,0.043364108990626,0.00895335448675771,0.0539084836126258
"489","12/9/08",-0.0280830926949123,-0.0270598987323259,-0.0230183304456529,0.0013517989452112,-0.00787542718212042,-0.0170759652569228,-0.0867291617382475,0,-0.0319709162416365,-0.0197952901717476,-0.0398244104860033
"490","12/10/08",0.00173806258944786,0.0234375124931692,0.00708570749891857,0.0584968939888628,0.0328253800317986,0.0165289268413593,0.0859211570474478,-0.000870731157327831,0.0167494590470911,0.00835665939254793,-0.000380627159700331
"491","12/11/08",-0.0331814874237729,-0.0406105202003414,-0.0128406222539321,-0.00864398118874476,-0.0473619749235326,-0.00879349893944392,-0.142698535374351,-0.0293347870764694,-0.0454753849019693,0.000230611382346479,-0.0761325792884928
"492","12/12/08",0.00336489205961521,0.003182334418393,0.00481099579079158,-0.0115778773080559,0.0148275561014715,0.00552372644076859,0.104598393150206,0.0212449942789843,0.00291685282131571,0.00161055890741757,0.021837640455191
"493","12/15/08",-0.0395709481687143,-0.0111039628878812,-0.00301457903668589,-0.00361536096707471,-0.0100986391332117,-0.0156482611011632,-0.0348875112005017,-0.0128919983509528,-0.00169684950386628,-0.00436569742847415,-0.0346773499974946
"494","12/16/08",0.0570301203649839,0.0548606054102547,0.0270363064042549,0.0345428257951828,0.0599089479472412,0.0346692585311457,0.122418310084269,0.0454138442340863,0.0538964383903107,0.0415416368954891,0.0998332444731469
"495","12/17/08",-0.000660870916553757,0.0145984490074209,-0.00346356549986759,-0.0113637556456246,0.00593863688308538,-0.0245178361571478,0.0184036460611514,-0.00965343270746732,0.00253404483388775,-0.00753393075244257,-0.00873545116759755
"496","12/18/08",-0.00969593843343053,-0.0179856838685105,0.00173784743383343,-0.0594578460601428,-0.0421415912752003,0.00217849744027276,-0.0831786837989101,-0.0255160771013387,-0.0287222989971689,0.00937726489673008,-0.0272030416106711
"497","12/19/08",-0.00645296463870648,-0.00152620748640075,-0.00138804850552166,0.00377206379029582,-0.0119021460621861,0.00117000629569475,0.0701445675982655,0.0141217003254848,0.00733385840147949,0.00796294692556643,0.00472597653754203
"498","12/22/08",-0.00917362009772649,-0.0308234246294069,-0.00367113114644391,-0.0340797392184191,-0.0358866091915531,-0.00440673875794162,-0.0376485459635185,-0.0247185605326647,-0.0163735886104489,-0.0110677439599838,-0.0294000893191321
"499","12/23/08",-0.00419772390479889,-0.0109887154879561,-0.00729758965966776,-0.00554503212362023,-0.00462117683565544,-0.0145833702354417,-0.00562893191894631,-0.00840849813263123,-0.00637438710337035,-0.00112781716119714,-0.0149432715977065
"500","12/24/08",0.00140515040332034,0.00588217772999,0.00699299278278764,-0.00286765520283072,-0.000696501760104828,0.00395816289986151,0.0117745453953837,0.00211963885375965,0.00468797014258215,-0.000904003669636944,0.0130486297506629
"501","12/26/08",0.0156687756177605,0.00617299270242566,0.0033830241253241,0.0201309772005627,0.0185830454949176,0.00857040596486502,0.0143681837193659,0.00120882338313999,0.00687618559200143,0.00293935769915121,0.00576113330278427
"502","12/29/08",-0.0191112427618099,-0.0138843860140492,-0.00479134987782848,0.0153486320238756,-0.0139113124626,-0.00050999956147546,-0.0575074082634163,-0.00754557154734525,-0.0124391553760034,-0.00789008619738063,-0.0130932658292744
"503","12/30/08",0.0178408482883592,0.0340537843282378,0.0178316996082395,0.0271477534526292,0.0296024787142175,0.0168340776208544,0.03997642109917,0.0246346829773647,0.030624981164713,0.0268122620122462,0.0368989080721873
"504","12/31/08",0.0336714570917289,0.0208992662762388,0.0134897902448032,0.0115633307397662,0.0197662444337341,0.0209028924084922,0.0534680006382149,0.0106854880934928,0.0265995037693072,0.011285751299714,0.0351859677190127
"505","1/2/09",0.0194105188510694,0.0412529196224929,0.0140015640822948,0.0577494670828929,0.0376654941460328,0.0198196817975602,-0.031824124481978,0.0402351611878111,0.0373484192648375,0.0166299149888665,0.0030898844212448
"506","1/5/09",-0.0170713105193626,0.00148939970057826,-0.00153407672508765,0.0255439221684408,0.00275922174002674,0.00819191013950649,-0.0184189670046111,-0.000564683543029076,-0.00225031040423662,-0.0090398670727323,-0.017712786007103
"507","1/6/09",0.0189266965533796,0.016062067290026,-0.00870754254243999,0.0143697109567789,0.0196867434679764,-0.0105148854811524,0.0499419395367902,0.0313558546086368,0.017365971650867,-0.0123806294338334,0.0188161881444349
"508","1/7/09",-0.0152970729517273,-0.0327870519285323,-0.0118844218201956,-0.0443871971124478,-0.0190989142579805,-0.0169057207955983,-0.0335439412450761,-0.0342371493326091,-0.0387943691883847,-0.00813742045711241,-0.0457869806466543
"509","1/8/09",0.0326230005835151,0.00635592696295695,-0.0109813913834415,0.0145414526993706,0.00867728288173919,0.0036031289818812,-0.00739686338773049,0.00850805900504992,0.00691891902556407,0.00266085352081746,0.000403444240946182
"510","1/9/09",-0.0238557237577113,-0.0297743385457422,-0.0137469141080186,-0.036738128114988,-0.0253884306310647,-0.0102805090731218,-0.0513041061350432,-0.0233403923168269,-0.0206138574474434,-0.00928775385586145,-0.0350665747830426
"511","1/12/09",-0.0297225559391827,-0.0266584714758841,-0.00571834537599269,-0.0379947481717758,-0.0406887144554152,0.000164934426416963,-0.0586102508837685,-0.0167005265218682,-0.0254910234040445,-0.00870540587947322,-0.0480365131199658
"512","1/13/09",0.00295007747324338,-0.0108279853232404,0.00539187488396853,0.022075306508573,0.00269317434147576,-0.0156611850970738,0.0301666382076049,-0.000292744142660561,-0.0194384769478738,0.00900713082240001,0.0144803499107087
"513","1/14/09",-0.0350678457313355,-0.036381306348908,-0.0227028187307371,-0.0456947995308371,-0.0420770470078868,-0.015575322466855,-0.0523361585607504,-0.0345634607106909,-0.0374452133043418,-0.0138361606069021,-0.0532009667146167
"514","1/15/09",-0.00140705497389659,0.0213830538525526,0.00402411045911122,0.00800630704129013,0.027102673012144,0.00510409600601447,0.0328728766487216,0.00576453964290002,0.00762799715606355,0.0061097414649196,-0.0287805668775472
"515","1/16/09",0.00610476610630495,0.0147206233867381,0.0129348506683615,0.0109972245368604,0.0152410138777179,0.0216652643287891,0.0378741522777031,0.009653047647038,0.0113552870081397,0.0101216632971404,-0.0159924416837846
"516","1/20/09",-0.0387396902656737,-0.0628626538873159,-0.0178056751736002,-0.0590725173093487,-0.059601276487924,-0.0192180454057624,-0.111929271979723,-0.0519868310058654,-0.0528940920231925,-0.0293920580797224,-0.140057414530246
"517","1/21/09",0.0403009360454929,0.0347436731458994,0.00787418472221169,0.0684010001977764,0.041935038658871,0.0108109578951827,0.104627753675558,0.0497952667170833,0.02792378232448,0.0259231659093273,0.116175647429502
"518","1/22/09",-0.0079346249371145,-0.0119681069341974,-0.00308879983658938,-0.0290050326876521,-0.0189801447300122,-0.000334502971076844,-0.0547046941384985,-0.0216153711411186,-0.00666320494777528,0.000447427422144875,-0.0562749199412821
"519","1/23/09",0.00893914828217701,-0.00134579566034176,-0.00820141461534485,0.026311516019601,0.0174822951787545,0.00250740192070142,0.0304232090756675,0.0131944060633498,-0.0255415961780227,0.000670316681246064,0.0263855270075584
"520","1/26/09",0.0242481942435808,0.00438001694091472,0.00643157125243699,0.0211131595391512,-0.0109963671918505,0.0233452345080036,-0.0057767372555001,0.00817673537186536,0.00741327572188299,-0.00290372042191767,-0.0128536766415538
"521","1/27/09",-0.0116096120344993,0.00402534967364798,0.00511247984711138,-0.00206807571293222,0.00833905113653399,0.00537728573486751,0.014202656805774,0.0159205972516241,0.0197106846737607,0.0172491286919569,0.0296878710010109
"522","1/28/09",0.0214186125719782,0.0390912692275691,0.0128972549993518,0.035963139190796,0.0314726909906493,0.00615867150895277,0.0865690295949673,0.0301600353551086,0.0309278792486796,0.0149747674146266,0.103692241282223
"523","1/29/09",-0.034723389070355,-0.0382637068680683,-0.00968439471857474,-0.0418570104584998,-0.02739447829768,-0.00628176058809615,-0.0817224065960293,-0.0304251429899659,-0.0392496922704028,-0.011282310842661,-0.0728689789515377
"524","1/30/09",-0.0168185070673402,-0.0320960467847372,-0.0320537055548777,-0.0147609634001925,-0.0370960172876219,-0.0226944652308463,-0.0411480396730831,-0.026050827920044,-0.0244601384536489,-0.0142640039716047,-0.0222438537178722
"525","2/2/09",0.0218576190006361,-0.00138190398186411,-0.00392882448341703,-0.0111985947862561,-0.0135553741106994,0.0077957384957652,0.0242849360488295,0.0130699462331363,-0.019205352603782,0.0100178315150292,0.000505158493861568
"526","2/3/09",0.0127878147763347,0.0259425702500935,0.0204735667019316,0.013927443143493,0.0197684345102076,0.00674773895604797,-0.0100683495997245,0.0162016364861703,0.0176774156482369,0.0233636310876908,-0.0186962971720184
"527","2/4/09",-0.0199725520128519,-0.0219150465703349,-0.0233759621989499,0.00739593359253954,0.0160753816478727,0.0076837771648175,-0.0242782445787234,0.00531416943330476,-0.00347397528588123,-0.00667685231643955,-0.00926874224176544
"528","2/5/09",0.0161630487619482,0.017235299215576,0.0141349931137107,0.0268205437540061,0.0232669775621894,0.00632669282780363,-0.021183597814921,0.0196772399545975,0.00911739650870791,0.0112750761327731,0.0109148561458794
"529","2/6/09",0.019825149310662,0.0308373683672241,0.0178405433854931,0.0199912930691706,0.0329694572329085,0.00983421437952425,0.0693919780525387,0.0339860101187028,0.0276377855645915,0.00921958259087763,0.0673517601125515
"530","2/9/09",-0.0022608079602775,-0.00230115264344866,-0.0113199939533398,0.00629476986067479,-0.00198112589223276,-0.0086207202745272,0.0147768075910719,0.00417822267295009,0.0219808699717525,-0.00382403455891278,0.0120427629230162
"531","2/10/09",-0.0405527304139619,-0.0441517404850852,-0.0313942464381992,-0.0471994268351891,-0.0438906065844262,-0.0278581287894503,-0.088952340666911,-0.0391122941966376,-0.0521254795535161,-0.0290042528284968,-0.0942409261802255
"532","2/11/09",-0.00165270696751396,0.00172367077629931,0.00571983166670642,-0.0122352042646129,0.00023070261139746,-0.00778559725890537,0.0191104594513156,0.00230962706231996,0.00293645659662412,0.0101034253067245,0.0415130666267929
"533","2/12/09",0.00567633758545516,0.00412947290397647,0.0128909329931832,0.00226603048635421,0.0103783551593153,-0.00801337443683781,-0.0170473525048215,0.00691217884435469,-0.0069203999049231,0.00934958091057925,-0.0055497661982451
"534","2/13/09",0.0110536938611325,-0.0126802827273027,-0.0136628845168871,-0.000301446771495684,-0.0123259131222923,-0.00336570786006862,-0.0613942093396314,-0.00114394132554552,-0.00294826221913791,-0.00452343698539814,-0.04160307648855
"535","2/17/09",-0.0481509235534001,-0.0357512663088756,-0.0191649731559346,-0.0661844333802464,-0.0494570275478737,-0.0462683889806406,-0.0709536598979943,-0.0443872990786344,-0.0467744623028545,-0.0214243570895896,-0.0783482029197232
"536","2/18/09",-0.018328357772463,-0.0111591209792292,0.00425600646495616,-0.0101709156761112,-0.00486262416788308,-0.0146952924785186,0.0143197543399365,0.0038957610942616,-0.00620382135854614,-0.00243244829588429,-0.00804151762097582
"537","2/19/09",0.00423220233178889,-0.00764461417508999,0.00943953368788431,0.007013357042573,-0.0119717377129652,0.00341417119366527,-0.0431370019307085,-0.031044613579899,-0.0187286585266146,-0.00421207027506332,-0.0469024717953007
"538","2/20/09",0.00917200199833612,-0.00513568354252869,-0.0148855907941189,-0.0296402482002448,0.00469828853227683,-0.0243552275786764,0.0631146571113508,0,-0.019953963334424,-0.00979519214897406,-0.00728999226799976
"539","2/23/09",-0.0319332541825612,-0.0261799929025627,-0.0255714186171501,-0.0465697520882847,-0.0620230170739303,-0.0251469055235521,-0.075173521761012,-0.0412816333880018,-0.0480969534925456,-0.0236060089355538,-0.0361079108512833
"540","2/24/09",0.0393302998235423,0.0446798809452231,0.0176939942646221,0.0451679249433767,0.0362107086665637,0.0299381714426545,0.0846188864614548,0.0292415246560491,0.0340981906084357,0.0191111832823649,0.0984128810149099
"541","2/25/09",-0.0017091940352536,-0.00942350298386863,-0.00820503405109874,-0.00887766156796055,-0.0167127597940878,-0.00840974766795222,-0.0192161144502679,0.00156105238479398,-0.0260790386509394,-0.0176229455741188,-0.0075144427003887
"542","2/26/09",-0.00513532070817535,-0.0193928568580702,-0.0252115040894796,0.00270386984412685,-0.0059236342568878,-0.0164088110300248,-0.0513323673603958,-0.0118453404078859,-0.0172359291846531,-0.0499077925604245,0.0104831283037312
"543","2/27/09",0.00098302387035254,-0.00111921461001563,0.000808315235603763,-0.022416740053364,-0.00544015082507943,-0.0153700591895827,-0.0132178803969656,-0.00410099478261061,-0.0244286755287961,-0.0409105223624818,-0.0524494543712294
"544","3/2/09",-0.0510806906689681,-0.0407172016997067,-0.027458129180585,-0.0762069537080968,-0.0708518668463135,-0.03693146072289,-0.0623687813813031,-0.0329426000060751,-0.0680576801570412,-0.0451791235448252,-0.0675181275061005
"545","3/3/09",-0.0163044335295895,-0.0120715766664656,-0.00830414620212261,0.00541224702820564,0.00252303025254186,-0.0357776344570946,0.00401778884900605,0.00229258777510255,-0.0124008699038891,0.00132164295202863,-0.0117419327408335
"546","3/4/09",0.045777625188141,0.0224674521969697,0.0167470953840267,0.0441805993016458,0.0374722372021272,0.0192701936490929,0.0160068432795872,0.023202795563388,0.0265083545402904,0.0245513075754602,-0.00726032495761397
"547","3/5/09",-0.0432705301033609,-0.0431766939492462,-0.0282067620545372,-0.0467557502934534,-0.037735831154037,-0.0351968887858326,-0.0617066970697372,-0.0332161924306739,-0.0458714862969077,-0.0316928758005636,-0.0851066891856764
"548","3/6/09",-0.00499609743039542,-0.00846100294633967,0.0103812675588124,0.0173443490682856,0.00420167495772072,0.00312644148682351,-0.013525940577958,-0.0056159874227254,-0.00249281971955218,0.0135710062829031,-0.0123543614438795
"549","3/9/09",-0.0335625920359648,-0.0138154260227182,-0.0192912555189018,-0.00201641614390002,-0.00753142472772128,-0.0224434391748638,0.0222221850710476,-0.0245848002213188,-0.00678341283427342,-0.00945140462881899,0.0117732042854732
"550","3/10/09",0.0664482160657751,0.0708696728849907,0.0239470481364883,0.0475753417445828,0.0646433143735743,0.0210457415931484,0.139222532477557,0.0616485306495662,0.0819554921346672,0.0357808076865869,0.128727378595407
"551","3/11/09",0.00512818672169368,0.0123119960194931,-0.000417808410547615,-0.00455923074997788,0.0237591387650269,-0.00478888805434607,-0.0162399846354148,0.02791158339213,0.00531570573428408,-0.0156089699957336,0.0206185155057461
"552","3/12/09",0.0443874880661761,0.0421895172726316,0.0261123051604994,0.0320595130227594,0.0237233966698038,0.0152724666836728,0.0817167028084507,0.0255927002275369,0.0449436834605943,0.0486091378865858,0.0896465626431981
"553","3/13/09",0.0107480164351652,0.00765847068028824,0.01730496837685,-0.00938720104543778,0.0073048743558306,0.0148359169130781,-0.0213659825666196,0.00121738578803798,0.000948862753120006,0.0299949791570617,0.0110081525483865
"554","3/16/09",-0.00386677290519544,-0.0173722908583991,0.0108063390481532,0.00999287267550941,0.00650142829143485,0.0245686807322327,-0.0787524630279103,-0.0164134247781499,0.00568714141436866,-0.0108303469211803,-0.0263612944084262
"555","3/17/09",0.032751144696793,0.045672204909798,0.0168284374111773,0.0388947245080467,0.00968976736608695,0.0178355621773529,0.0757515085601042,0.0339927911185922,0.0248192418133895,0.0175183298276012,0.0653323604215776
"556","3/18/09",0.0256049877969859,0.0309967792282895,-0.00350474314054616,0.0121509332125029,0.0317418752844041,0.0288165817525041,0.0546811720950946,0.0182304529946871,0.020539832421991,0.00191300334654287,0.0806632163033294
"557","3/19/09",-0.00297774819018659,-0.00854113903311371,-0.01094190753429,0.0246594065017611,0.0147866636003271,0.0143828828257366,-0.0611713059190894,0.00293516353044643,-0.00630826759306513,-0.0221955901726169,-0.063394759561504
"558","3/20/09",-0.0186079254188606,-0.0213645629999571,-0.00177786217378029,-0.0398987566708515,-0.0232664050462852,-0.00802237296355124,-0.0862137341236251,-0.0181447820776474,-0.0341597776947767,0.000731998239539955,-0.0458514054860046
"559","3/23/09",0.0634364494917083,0.0697182363429381,0.0413615742149915,0.0844328272895731,0.0640033836070768,0.04137651258625,0.161739171817787,0.0616993930847805,0.0773081978593753,0.036097675372857,0.160755031736182
"560","3/24/09",-0.0292757771458583,-0.0128373984821206,-0.00551128816761004,-0.0240267625880006,-0.00497521683536251,-0.0218523456128605,-0.0770957656627214,-0.0145985549466087,-0.00871578067459999,-0.0138887558257386,-0.0650569129322783
"561","3/25/09",0.0113378726440982,0.009336475707034,0.0105101353807322,0.00436290772953085,0.0113638711720327,-0.0012144911259776,0.0164585543455906,0.00484312536168474,0.00586185270552009,0.00787766062485895,0.033899350278265
"562","3/26/09",0.0150222251242291,0.0409646650098947,0.0126703836944151,0.00915268072947506,0.0431460771376095,0.014587448521203,0.0223760080246382,0.033739675033756,0.0515733486490477,0.0139743966443047,0.0143224318838953
"563","3/27/09",-0.0101611002855627,-0.0187242550498574,-0.00989728037622484,-0.026902418048351,-0.0234812297827462,-0.0134561793910162,-0.0445683198196287,-0.0246846859366909,-0.021889654282392,-0.0114460886400441,-0.0272314011699338
"564","3/30/09",-0.0332516017591789,-0.034281801274139,-0.0222556847908617,-0.0409161423438448,-0.0386060181585626,-0.017750679285615,-0.0545605098964732,-0.0261528510794882,-0.0507085786757266,-0.00732506860193405,-0.0762055263545329
"565","3/31/09",0.00807945109849939,0.00837222205370014,-0.00887355463498685,-0.00774171717997751,0.00780179576587114,0.0112235688262814,0.069602986269631,0.0173262587550507,0.0101463220021516,-0.00142817287148278,0.0544337526609291
"566","4/1/09",0.0325163790848642,0.0215875207799583,0.0229663411510486,0.0232402631808257,0.0291442868900802,0.00300960193411393,-0.00535397917443048,0.022424091890072,0.0168390196878305,0.00500596382095853,0.0186267525838935
"567","4/2/09",0.0385898691663629,0.0513653438596713,0.0224502889923293,0.0421804380389459,0.0329642845873261,0.0136909875325257,0.0724639047244029,0.0294281227028292,0.0569437079424369,0.00142320279856767,0.0313481138549929
"568","4/3/09",0.011530905728578,0.0139147006925622,-0.000186127489494092,0.0241282848524558,0.0164916437767715,0.00573554054357905,0.086100214156992,0.0177992115476973,0.00769645693019472,-0.0142114405739924,0.0385002039218074
"569","4/6/09",-0.00696642496635058,-0.0106740461241942,-0.00204735210302442,-0.0199116743566262,-0.0187526159860937,-0.0103018124445796,-0.0113757395514227,-0.0132485875032522,0.00272803468295213,0.00528611730213369,-0.022439114379144
"570","4/7/09",-0.029124391744823,-0.032984039328588,-0.0164114341061627,-0.0364453972991839,-0.0345714081288725,-0.00557596193352927,-0.0747931614044399,-0.0247044742743459,-0.0315562701376186,-0.0102773614952231,-0.0309382664525513
"571","4/8/09",0.00350367044607292,0.0270961801886267,0.0119449470874697,0.0204407587172835,0.0155692104114795,0.0128970212482449,0.0147687852652441,0.0165194680498713,0.00589934133700454,0.00965955033804566,0.00669419484630884
"572","4/9/09",0.0336024068389007,0.0450028952339592,0.00393500375197742,0.0312305012564902,0.0470872390970902,0.00239888595557014,0.134048496372943,0.0335864058526618,0.0580840505030171,0.00932807622268106,0.133504124120096
"573","4/13/09",-0.00274447477121931,-0.0011878799099494,-0.0020527231426074,-0.00917734455754338,0.0102486647396125,-0.012150357443019,0.00303960544493709,-0.00340680684065908,-0.00131972210639886,0.00284329019450236,0.0392598383703815
"574","4/14/09",-0.0264606422077623,-0.0225990241299806,-0.0153360261679382,-0.00941635868606039,-0.0225671673299315,-0.0139767420582453,-0.0848486023625015,-0.0107810833278891,-0.0184991434773486,0.00023670556405242,-0.0673032692130768
"575","4/15/09",0.0139163898779464,0.00638911065866998,0.0142453594725327,0.00607759730423463,0.0201229591549446,0.0124736666512553,0.0868285620772093,-0.00478447813968663,0.0175016949626443,0.0037796875555447,0.0460892332880785
"576","4/16/09",0.0109371775006248,0.0362755851276604,0.0132958605405145,0.00635066866415679,0.0087208329308992,0.00429378303955841,0.0335135653195207,0.0293801917744569,0.0299017637711865,0.00494181850673225,0.00489537068933643
"577","4/17/09",-0.000848806674934699,0.014585580829793,0.00683755378595041,0.012159486650366,0.00349946809474222,0.00223039008215786,0.0180151451535226,0.0012972512913334,0.00436832689016842,0.00960244007243927,0.0168285211098245
"578","4/20/09",-0.0420381918030655,-0.0416903122767441,-0.0189060046298616,-0.0510948680746768,-0.0527177944885121,-0.013538772720991,-0.102959853006794,-0.0313550316983461,-0.0503965528539975,-0.0208769459409798,-0.104529286910973
"579","4/21/09",0.014406121052515,0.0213019326877113,0.00411615459729053,0.0249999420128917,0.0264182606779337,0.00338450474545104,0.088593822955213,0.0181916159928694,0.0277477611854304,-0.00758103422707723,0.070525653758361
"580","4/22/09",-0.00152948386740848,0.00881317724801467,-0.00968906860713725,-0.0125077955844001,0.00843873006927032,-0.0106803186743306,-0.0349259354315973,0.00420359185774588,0.0138923584211532,-0.0114587819802825,-0.0281691343096407
"581","4/23/09",-0.000437476032361328,0.00291227057581067,-0.00263398427532613,0.0201077735254589,0.000209250460027288,0.00189406320318253,0.0450663834350691,0.00313994736266454,0.00853145404063516,-0.000483078063755249,0.0285180173711961
"582","4/24/09",0.0100701079165242,0.0243898878013484,0.000943234672029503,0.0347663751428111,0.0430871066301837,-0.00245760026744801,0.0473704281074332,0.0234741532315561,0.0212766644359625,0.00289924583733914,0.0245452259976202
"583","4/27/09",0,-0.0167233620186623,0.00414638470723183,-0.0239990179916278,-0.0174454484103452,0.00985407854939924,-0.0598877062013159,-0.00586157219182448,-0.0145583281794351,0.0120453723945408,-0.0208517908121509
"584","4/28/09",0.00195019555047748,0.00317105249036653,0.00412919068114026,0.00138329069593213,-0.00979557029754785,0.00300236782358243,0.0132712907377113,-0.00717758375739552,-0.0112071826201511,0.00214235702211152,-0.00634312021210992
"585","4/29/09",0.0149255047259866,0.0201148603313908,0.0160747008179889,0.0288518816704739,0.0265869398045213,0.00898011506446217,0.043549340829468,0.0219467770780715,0.0303967140838206,0.00902621348369159,0.0282712302571337
"586","4/30/09",0.00127900476301157,0.0135211529877304,0.000735828914707692,-0.0170047836137959,0.0240916833611415,0.00148347538751659,-0.00439275386950455,0.00530566322587078,0.00849999049483885,-0.00400215609239796,-0.00665144908201054
"587","5/1/09",0.00723697507633836,-0.00528052707412519,0.00294108045509911,0.0342946378438018,-0.000980388774038055,0.0207371509390317,-0.0327762762100743,0.00653438349645774,0.00793273931965266,-0.00236320777311871,-0.0133930023274133
"588","5/4/09",0.0270497111806762,0.0349259591953859,0.0174120423745383,0.0409328600603553,0.0614205265380154,0.016506508286553,0.0824371275654026,0.0182274076291589,0.0366449801473716,0.0196633578890628,0.0846153179556608
"589","5/5/09",0.00596734407993482,0.00404945318668792,-0.00432341609727094,-0.0126847073848134,-0.00388218456723022,-0.00392559050323549,-0.0373269111166021,-0.0044142505609196,-0.000474299752482477,0.00673807438633567,-0.0137672347065408
"590","5/6/09",0.00736351447379091,0.00484029486879045,0.00253304466180504,0.0374017327258389,0.00148469773665472,-0.00179161486075086,0.0381487346553266,0.000492802041315965,0.0140043199638566,-0.00553887698692535,0.0630286510229257
"591","5/7/09",-0.0168530917713759,-0.022210583807852,0.0016239627200465,-0.0167883852973668,-0.0307636844237833,0.00502476166936483,-0.0572288565780382,-0.030526777489137,-0.0140450600697467,0.0227430157055426,-0.0262632897425421
"592","5/8/09",0.0107394455916745,0.0114946167074119,0.0109911319832205,0.0496853188861757,0.028298509593802,0.0167859745593348,0.066773253573768,0.00177753614291976,0.0313391928753257,0.010211235238345,0.0694729302427415
"593","5/11/09",-0.00429093503624356,-0.0165044418664824,-0.00534664139471708,-0.031466714854267,-0.0195240038150911,-0.00368808306983703,-0.0380354704073222,0.000760413263497961,-0.0271638298882596,-0.00898487435196438,-0.0527320180913321
"594","5/12/09",-0.000820688919640711,-0.0236589326643373,0.0109298949646293,0.00495619340985676,0.00815461017691277,0.00282058677690067,-0.00280184286982454,-0.00683896959363428,-0.0127780409665416,0.0117859979016692,-0.0185561351582162
"595","5/13/09",-0.0367633579369241,-0.0374753092111429,-0.0115204810390532,-0.0361643942196135,-0.047592077393951,-0.0268941770927176,-0.0655636466138148,-0.0260139754869424,-0.0421862095441191,-0.00560034359689909,-0.0546648729628341
"596","5/14/09",0.0127933359456116,0.0111241296782194,0.0023308667418267,0.00468979389900293,0.0154057303772057,-0.00307075193967932,0.0237216569463621,0.0136164988134402,0.00900903097419703,0.00225265851514211,0.0378259469108482
"597","5/15/09",-0.0117895913687263,-0.00665925869062467,-0.00429341365331026,-0.023907156150082,-0.00194514447954797,-0.0199313354810099,-0.0336157317999659,0.00129178372218752,-0.00396811621757509,-0.0114631902268271,-0.0226221796350263
"598","5/18/09",0.0247124730134864,0.0448849745734208,0.0194034264780234,0.0379711688162188,0.0370299626290409,-0.000739345435340599,0.0803783749245535,0.0260576892396653,0.0333666098757397,0.0113686675209308,0.0612939917754227
"599","5/19/09",-0.000415990040890102,-0.00139451812061453,0.00140997366280327,0.0060037022970203,0.0109002237956697,0.0173911720132951,-0.0190688962628179,0.00628623636356029,0.00168662187140689,-0.00427141284618104,-0.0205975517429348
"600","5/20/09",-0.00311976798989422,-0.00949745567121618,0.00140816975532854,0.00333099564973338,0.00464772018195236,-0.0149116613334772,-0.00796667400416096,-0.00674668823261282,0.00048126021924122,0.00293526934405741,-0.0144330061802614
"601","5/21/09",-0.0237846562624974,-0.0208683269811143,-0.00773286589203936,-0.0272510333799778,-0.0238710428815192,-0.0101535152688806,0.0028911411108925,-0.0138367562264466,-0.0312575250012521,-0.010355578675915,-0.0154810286523538
"602","5/22/09",-0.00448801542143762,0,0.00442780696164879,0.000426500347204595,-0.000379298201908407,0.00522243445344062,-0.0246636625139015,-0.00459174792135031,-0.00446761964404363,-0.00295711658028441,-0.00340019220672594
"603","5/26/09",0.0358522664145768,0.0397463833712459,0.0102271589249538,0.0213217612309444,0.0212401033239111,0.0282003257072245,0.0594415494368041,0.0322911318036885,0.0309148742863539,0.0166548970612201,0.0383796986585532
"604","5/27/09",-0.00994822973805687,-0.0213295593768985,-0.0178038508701043,-0.00918563656891747,-0.0298975749075316,-0.0175029706428798,-0.0362678995601657,-0.00744774782049085,-0.020072842057704,-0.010323149719309,-0.0340861755943669
"605","5/28/09",0.0127694270124559,-0.00311360859477416,0.00817487021738694,0.0338530687859897,0.0135910691276548,0.0183659398406575,0.0138309986934551,0.0130064064968469,0.00666384799784447,0.00476172315320356,0.0242344162837895
"606","5/29/09",0.0057874894225125,0.0184553346077396,0.0104001886894391,0.0211958577168314,0.0275729761038486,0.0102788080685747,0.0329949307771213,0.00790119976100767,0.0178963048665006,0.015346838697498,0.0182647753923004
"607","6/1/09",0.0137691431722451,0.044326617883897,0.02180743506967,0.0344596318730914,0.0323469934836846,0.0312392376612454,0.0512901027594796,0.0365016412242249,0.0484102477520176,0.00666816078488175,0.0171222317139843
"608","6/2/09",0.00952784344491309,0.00854269552460907,0.0110977582319927,-0.00128612518019766,0.00907945577853186,-0.00917434231586789,-0.0207422486485497,-0.00543578686887347,0.00321612628481005,0.0128061597889884,-0.0116233809830983
"609","6/3/09",-0.0136547539376684,-0.0129698443262961,-0.00607917125170387,-0.0395363986858052,-0.0342271622248704,-0.0185183808397039,-0.00178992555116808,-0.00546589223357052,-0.0185479372318595,-0.00348806942540969,-0.0129766557725859
"610","6/4/09",0.00386808215744261,0.000536449431635555,0.0028883382631546,0.0222576273399337,0.0210085102296187,0.00925595617114161,0.0319783499173965,0.0160094225239158,0.020065402867671,-0.0109385984716721,0.0308138454069362
"611","6/5/09",0.00223049415563659,-0.00107208023784366,-0.00304929283942712,-0.00577075158584706,-0.00697796568373965,0.00282160007265686,-0.00260624659189679,0.00517418808340286,0.00823423609886675,-0.00088492266985829,-0.00837017651295369
"612","6/8/09",-0.0133546525251101,0.00241449526752113,-0.00050978814687419,-0.00488142571671701,-0.0115312794325839,-0.00703493118874576,-0.0182927112189594,-0.00397757357014883,-0.00453724206432105,-0.00642002806342623,0.00482344844775362
"613","6/9/09",0.00389652808688812,0.0093683630558552,-0.0051004816338216,0.0104731281944874,0.0227848803709645,-0.0044277232903619,0,0.0105709838417041,0.000683562460563891,-0.00557029075820159,0.00720002959487465
"614","6/10/09",0.000408654435181788,-0.0106070263460285,-0.00803097931615226,0.0102334384201177,0.000356671571270395,0.0131651173017959,-0.0174504172847357,-0.00162744534912329,-0.00546592769864807,-0.00425716073251381,-0.0182688250693966
"615","6/11/09",0.0157238824002139,-0.00964887425186367,-0.000172552175569329,0.0183117593134128,0.0126490111553395,0.0217732244593123,-0.0204697267040918,0.00535527943127656,0.000687176281733759,0.0101258995625326,0.00930451544420707
"616","6/12/09",0.00381975716924932,0.00135309529918892,0.00689176238016476,-0.00918235504503606,-0.0124910122026467,0.0137482544759298,0.0362629786127675,-0.00254758879607508,-0.00160201117900471,0.00445526570545107,0.00561126726843675
"617","6/15/09",-0.0178249520303377,-0.0221622436307114,-0.0215603925018781,-0.0249712191876836,-0.0334938940122188,-0.0208508995424179,-0.0474494703694636,-0.0167169566286712,-0.0295665467065581,-0.0270571202055989,-0.0251099498131447
"618","6/16/09",-0.00958396429425368,-0.0223877417629963,-0.0127668614971304,-0.02363009173456,-0.0263594005507571,-0.00554027989383477,-0.0183686691478694,-0.012042661964569,-0.0170052346853042,0.00022812849775411,-0.0171705877228392
"619","6/17/09",0.00164729358987481,0.00819863992470204,0.0051371775983724,-0.0179829945005906,-0.0121167032512514,0.00313378493840544,-0.0190293887654126,0.00645342858959408,-0.00672749330048328,0.0205106042192784,-0.0207983740382596
"620","6/18/09",0.0100719656626558,-0.000841073518432434,0.0167431478609614,-0.00371731399398934,0.00613278718346799,0.0218672959019999,0.00678945415223686,-0.00308734730130555,0,0.02255443468524,0.0169916749083077
"621","6/19/09",-0.00386670305460979,0.00841994958485626,-0.0057201579626518,-0.00939747616532405,0.000380942604046419,-0.0157949465755985,0.00995518792966688,0.0100049671870788,0.00169300608511902,0.00808063012926841,0.0158733293041045
"622","6/22/09",-0.00490278784975273,-0.0283886131283096,-0.00801945720270592,-0.0545479892986889,-0.0544556201450682,-0.00258853366967871,-0.0521464917244842,-0.0287735539889609,-0.0376720120870045,-0.02296397337542,-0.051809278482566
"623","6/23/09",0.0028741396570473,-0.00887992246905889,-0.00281219813915368,0.00501708986105531,0.0149015850279692,-0.00916928601971456,0.00738003442596691,0,-0.00326186880377388,-0.00354741460858465,0.00997404686282444
"624","6/24/09",0.00450375395236979,0.00809237924564421,0.00123377802286329,0.00513879965389852,0.00972209256766798,0.00755491438229972,0.0218312185365834,0.0143271521286763,0.0047831206373552,0.00712050469109204,0.0100138812354966
"625","6/25/09",0.0230282251264342,0.0315366140462006,0.0163703095875447,0.024831828113925,0.0241698272276989,0.0168184886091718,0.013249627103376,0.0181946205876276,0.0290655884781523,0.0282813200481995,0.0170938708771684
"626","6/26/09",-0.00537877878476078,-0.0022229464670388,-0.00103910993539558,-0.00798202866696285,0.000191906586581192,-0.00413528938397467,0.0084991508412966,0.00141105532375163,-0.00219148686389459,0.00193355174592735,0.000420243060074821
"627","6/29/09",0.00881234510011297,0.00947027002963852,0.00710834635851043,0.0114948459088011,0.00959122961439052,0.0138408442344304,-0.000648130546501702,0.00469590745178294,0.00805271352010073,0.005147093056729,0.0113397706735527
"628","6/30/09",-0.0129045910817498,-0.00469093194233616,-0.00705817441014434,-0.00610795527553487,-0.0114003510333804,-0.00290076307538867,0.00583820885070629,-0.00490774910815406,-0.0113775472138873,-0.00704067438890987,0
"629","7/1/09",0.000603654269562215,0.00804016286378872,0.0161233259188469,0.00114322536347555,0.0024985881313635,0.0124935563150144,0.017413970434619,0.00657619079630267,0.0073458746481021,0,-0.000415306409654037
"630","7/2/09",-0.0241204867687613,-0.0371290072702779,-0.0170617268195385,-0.0399717560515698,-0.0228142303656892,-0.0289048704477234,-0.0529320486642821,-0.0221652792189174,-0.0303839404353977,-0.0244953348039666,-0.034067120741322
"631","7/6/09",-0.00329585870069715,-0.00342737178244801,0.0128450836888994,-0.0126391823279545,-0.0133414095100268,0.00400376635877775,0.0251004885727428,-0.00596514362536138,-0.0065180882653294,0.00660817601838293,0.00172027001979735
"632","7/7/09",-0.0216987283375947,-0.0226428194448163,-0.0109686194621194,-0.0262048617323234,-0.0258499175886202,-0.0213249233112531,-0.0388506535580744,-0.0247242348686021,-0.0305323055741761,-0.00437650413537538,-0.01975127991046
"633","7/8/09",-0.0120405433568417,0.00557185277843697,0.00329243024894099,-0.0024746435007833,-0.00530734200356864,-0.00212554578814717,-0.00951102789240199,0.000246410508584871,-0.00520557245633424,0.00615381728350051,-0.0131402066567616
"634","7/9/09",0.00320723891975705,0.00495766253316821,-0.0075993119887201,0.013643685017336,0.0092345713135733,0.00177534534759105,-0.0188611279851465,0.00369068099698899,0.00575600641996266,-0.0111400997887319,0.00932080148767178
"635","7/10/09",-0.000426217924592853,-0.00058001090521953,-0.00278445513045,-0.00780076577490629,-0.00284656363026137,-0.00248117384250879,-0.00139847625394995,0.00539350140695771,0.00390255020663188,-0.00397629060588933,-0.0118734545227025
"636","7/13/09",0.0147119296015676,0.017711755242251,0.0120418724143043,0.0152615135221741,0.0236541473519876,0.014923043344893,0.0378020297374342,0.0185321032210113,0.0233217831741332,0.0139719128510181,0.0569649773459719
"637","7/14/09",0,0.0156916652164094,0.00689777130460589,0.0148797635776119,0.00776899116013174,0.00717636125503773,0.0121418125528525,0.00454891451787343,0.0134210761550515,0.00524961699336823,-0.00126338324437536
"638","7/15/09",0.0239548460600316,0.0311798860673003,0.0196948973848188,0.0375523701993004,0.0419054458018722,0.020854965497787,0.0369874108155104,0.0433742764938161,0.0339833584258007,0.0102261910655599,0.0375213765844293
"639","7/16/09",0.000205390490749746,0.0133477583060573,0.00369522398540001,0.0122567945706442,0.0191614188879869,0.00255406003967429,0.0115680862085505,0.0166745596765225,0.0164327780502962,0.00796886518518813,0.000406313363976452
"640","7/17/09",0.00369297529687662,-0.000268751635836284,0.00267743963811418,0.00712243488784825,0.00279225244566983,-0.0057738659522778,-0.0266834924389326,0.00808798682351597,-0.0106990126897915,-0.00534176641576967,-0.00852994772229776
"641","7/20/09",0.0110384988698586,0.0217801976539194,0.000667379093634235,0.0154174770173257,0.0198625519561602,0.00666094210601753,0.0352479739679625,0.0102519526918676,0.0197070195622493,0.00537045412726411,0.00860333370907362
"642","7/21/09",0.00808728524430657,-0.00210534660482697,-0.00100063725143817,0.00919336346487354,0.0109211900197714,0.0111980818736965,-0.002837223921485,0.00463255381932837,-0.00188591053344378,0.0143164352156007,-0.00609281280523577
"643","7/22/09",0.00180502409336558,0.00975742731049367,0.000834825021384988,-0.00910961545893429,0.00306075651401616,-0.00402695520788277,0.00126467007913433,0.00592881165786618,0.00448692540612416,-0.00547702559036167,0.00204348612988303
"644","7/23/09",0.0210209371939132,0.0242882076533557,0.0130109035417945,0.0305057294518012,0.0332076386500137,0.0254380369903879,0.0397851980242301,0.0183367855420848,0.0242122919367447,0.0230880030483862,0.0277325426323898
"645","7/24/09",-0.00196081765999545,0.000510137842851144,0.0077390646769917,0.0123002189467811,0.00851274401011914,0.0152788183132866,0.00698484488774564,-0.00407305750043008,0.00275408600430782,0.0171843114442427,-0.000793792323927733
"646","7/27/09",-0.00216103456587613,0.00101946621033844,-0.00163395206307992,0.00186981833244348,0.00379015811430738,-0.00113313090340916,0.0144748312519094,-0.00236754226339553,0.00618001409185398,-0.000610325355743124,0.0182685669544098
"647","7/28/09",0.00393766072598134,0.000508953910298038,0.00130929677006342,-0.0158604757994736,-0.00892414044202883,-0.013931544431467,-0.000891498700140159,0.00258889835602449,-0.00136498844504562,0.00325844188097957,-0.00390005223238044
"648","7/29/09",-0.00254960616349587,-0.00814249929745048,0.00228849960275057,-0.0242417766015209,-0.0214719213191079,-0.00361429470753616,-0.0124963549209097,-0.0032279220107988,-0.00842833420549693,0.00365412104868534,-0.00313238050248588
"649","7/30/09",0.0110106230896534,0.0161624414910446,0.00358762148986647,0.0147122192690763,0.0281367750704464,0.0130253562933751,0.0358542093508876,0.00604511583451406,0.0215945210696136,0.000404616941199532,0.0235664130828326
"650","7/31/09",-0.00991809508690644,0.00252414139146273,-0.000650040994038203,0.0101216393814894,0.00826155184239696,-0.00878873533219082,-0.00087287056338603,-0.00171690331046659,0.00427240621341896,-0.00363943937499833,0.00652304360397071
"651","8/3/09",0.00942822861582249,0.0201461479315479,0.000650463822187808,0.0284359629864461,0.0378968542134583,0.0067321107458731,0.018049701793299,0.013542801172062,0.0212719235877346,0.00588478066833331,0.0251621100199095
"652","8/4/09",0.0033082908439579,0.00197467547905328,0.00194989279021618,-0.00315999953672441,-0.000493368494157154,-0.0099494653627773,0.054617955468045,-0.000212359857458932,0.00504277869558067,0,0.0208258963512979
"653","8/5/09",-0.0108612679756276,-0.00270961802403102,-0.00940628009188504,-0.0106985759364723,0.00575935295117569,-0.008072566736257,0.0382323335890971,-0.00806087562561464,-0.00610806117578777,-0.01109544251187,0.0309652448020854
"654","8/6/09",-0.0194119010879055,-0.00197636271981649,-0.00687650609242929,-0.00974634599274238,-0.00818055803366813,0.00282345568057685,-0.00757350416242919,-0.00834077381889475,0.00241431260886227,-0.0116276334957749,-0.00565369627607026
"655","8/7/09",0.00539910608649197,0.032920761688882,0.00511066392922621,0.00202246465943867,0.009402836445636,0.00927468580511515,0.0557895019920933,0.011861455614238,0.0245235790727047,0.00887479082226594,0.0266523215154089
"656","8/10/09",-0.00178980997264289,-0.0103042699123908,0.00278821160423148,0.00282538972945079,-0.0165061764506632,0.00196919242734483,-0.0214361283633865,-0.00575450495788121,-0.00918980454058382,0.00634216639896645,-0.00657655027896942
"657","8/11/09",-0.0151425543727843,-0.00992749256752445,-0.00408913098183705,-0.0165032726816392,-0.00398777309364551,-0.00294785624998251,-0.0290370448502003,-0.00900313443304945,-0.0125106596034742,-0.000609771566705164,-0.0317074275354707
"658","8/12/09",0.0121383049007324,0.00831521058438134,0.000656811095101295,0.0128240010491085,0.0126793036858908,0.00624191712860434,0.00734511459417631,0.0151411608524568,0.0168193351501549,0.00345814055500604,0.0176323953666335
"659","8/13/09",0.00179878109161913,0.00339544453724128,0.00393906189848114,0.012257412571518,0.0192750489676796,-0.000653076152170695,0.00520837658486983,0.0100152055135732,0.00429649109216568,-0.00040559044817956,0.0155584890422249
"660","8/14/09",-0.0101753747732425,-0.0169203761433472,-0.00392360656933932,-0.0157019644369952,-0.0240828835736292,-0.000490109898376279,-0.00829000875041097,-0.0116034469675312,-0.017112567993033,-0.00344762135366961,-0.0066153107182938
"661","8/17/09",-0.0203590098415445,-0.0302436275161148,-0.00837010759136259,-0.0323104547601376,-0.0382575517703139,-0.0135643015248483,-0.0532915344711783,-0.0262537784291909,-0.0295972068058522,0,-0.039256862765235
"662","8/18/09",0.00390969570083421,0.0126774418370201,0.00264827809170765,0.0108970763349305,0.016015099387656,0.000994022059505717,0.00993333155165543,0.0157826563837091,0.0130072988993628,-0.00244199777920784,0.0156875974813906
"663","8/19/09",0.00676364337826119,0.0100148810365384,0.00742808828537278,0.0179658444020152,0.0105083089255726,0.0092683340947155,-0.00792321245785532,0.0058263370769791,0.00243536911613895,0.0132597528973857,0.000718259037800539
"664","8/20/09",0.0109935260675551,0.00991614044942657,0.00573498390827432,0.00909578889239304,0.00503204614574959,0.00541171010029906,0.0399340078376416,0.0107273008668713,0.0139136575844847,0.00604015934527746,0.0233308189516659
"665","8/21/09",0.0173176993590662,0.0206185075853744,0.0115671872269836,0.0277141298802521,0.0258679119844318,0.0172894241309374,0.0262182497256245,0.0127362310172963,0.0233063513242264,0.0118069698441345,0.0224483389027696
"666","8/24/09",0.000791692122386278,-0.00817700404093513,-0.000483269229640371,0.0129596400155711,-0.00862210787320805,0.0022445997175804,-0.00335494637566891,-0.00125759662587643,0.000851276334085327,0.00415357727521326,-0.00754702776889604
"667","8/25/09",0.0142406780365825,0.0113965061852064,0.00064476044413464,-0.0136985243329842,-0.00196913934101894,-0.00511923009787663,0.0111341845943176,0.00104914190965366,0.0057423649856283,0.00295429826441329,0.0100240251845152
"668","8/26/09",0.0118954139183074,0.00551414416389195,0.00402566828577933,0.00235870622063561,-0.00460369057248633,-0.000160640103565646,0.00307317562671527,0.0031448026486609,-0.00676682410531038,-0.000589123825665117,0.00102687732238915
"669","8/27/09",-0.00578137338647622,0.00333837044263663,-0.00160387699858788,-0.00248363660793205,0.00462498256110089,-0.00225164007818479,0.00970121295548876,0.00334354690130212,0.00617410507842386,0.000589471097133032,0.00752118356295761
"670","8/28/09",-0.00969201693053112,0,-0.0049797949965672,0.000523876685510682,0.00443931510674989,-0.000322330220707823,0.00884964779128561,0.00187473521138593,-0.00423174282021277,-0.00844455347917383,0.0016969435213825
"671","8/31/09",-0.0121353692514433,-0.0171104581551764,0.00209862102944403,-0.0210868766335099,-0.0137501104769681,-0.0132214173718755,-0.0157896779376603,-0.00852418921652365,-0.0140246808974762,-0.00316889955649768,-0.00440396615097405
"672","9/1/09",-0.0215968596352997,-0.0200676049015694,-0.00966644548072138,-0.0176613183984129,-0.0280498566068812,-0.0068629022166965,-0.0534759588537812,-0.0215973738592486,-0.0187501323539809,-0.012119980291889,-0.0479754853575991
"673","9/2/09",0.00668285771402188,-0.00666150641185315,0.00032544302644677,-0.00503917181527902,0.00734308085452273,-0.00839095212497054,-0.0201775090247075,0.000643007808635687,-0.00593015720781642,-0.00120680262175676,-0.0114367981309075
"674","9/3/09",0.000402296135839642,0.0163932438847125,0.00471625769039408,0.00520152466373824,0.0179687857852275,0.00365039294056579,0.0200437739276675,0.00835273044404139,0.0178967325402966,0.000201199659167539,0.021330541571779
"675","9/4/09",0.0189020810287486,0.0146627834418311,0.00776950082734773,0.0175678455016355,0.0129894510159207,0.00314071787870596,0.0115747176677086,0.0161425789183334,0.0175817614396099,0.0134890233177241,0.00672536920492828
"676","9/8/09",0.00809171478597892,0.0108380741626801,0.00787031989436504,0.0295771898255628,0.0156172310024265,0.00346081168941836,0.0348589688907124,0.0081523184496215,0.0136519613837585,-0.00317834250942073,0.00949396752848752
"677","9/9/09",0.00822232954701785,0.01215143795198,0.00127484833700819,0.0019498402224174,0.00696004171042275,0,0.0195424686716588,0.00850084446062205,0.0147307247262933,0.011159819954861,0.0132353947273871
"678","9/10/09",0.0219415456695942,0.0127116223440511,0.00652544808535982,0.0199794407438136,0.0096447782891631,0.00164239139964395,0.0148799973904914,0.0141861745222949,0.0128577155631973,0.0072922451209203,0.00790679107047154
"679","9/11/09",0.0159605621696313,-0.00278898431141572,0.00363694849031226,0.00279780542435448,-0.000636670365502967,-0.00295123935005581,-0.00173964715880548,-0.00243295437945867,0.00348087099792571,0.00156510298796686,-0.00716251420171754
"680","9/14/09",0.00112212299099368,0.00442880215492059,-0.00110281300506121,0.00925935729261984,0.0148158839995731,0.0147999211837968,0.0296246535402194,0.0014226433179807,0.0114260949115685,0.00722811755715536,0.0137411585650873
"681","9/15/09",0.00448338405727133,0.00742634868915304,-0.00520514488958701,0.0113107786390676,0.0230768456809776,0.00761664238398252,0.0159571852948222,0.00689945670059244,0.0123056551608822,-0.0054305177120394,0.00203312241988285
"682","9/16/09",0.00204568818465578,0.0188897269390069,0.00761056775323055,0.0241087116200811,0.0162652768747018,0.0152778243509002,0.0406949454578134,0.00967335158906391,0.0159427413401243,0.00507018494075928,0.0338180611049523
"683","9/17/09",-0.0118778595614755,-0.00474790437735528,-0.00173112881936144,-0.00728084837611465,-0.0064924691829481,-0.00380151528492778,-0.00434492265406816,-0.00179628356714812,-0.000588455810986654,0.00135811638785066,-0.0052337588231649
"684","9/18/09",0.0180310358664499,0.0063607651369888,0.0099309875776179,-0.00183359248373482,-0.000152285380182859,0.00238498283377497,0.00137795907266347,0.000599912732694552,0.0013740274874523,-0.00174378787641905,-0.000657795715850673
"685","9/21/09",0.000184889883160899,-0.00428904488868243,-0.00124874419059384,-0.0102864238649655,-0.00835973886764085,-0.00475870608370421,-0.0155964796112148,0.000599486436178021,-0.00666420793776334,0.00582274200598598,-0.00855574308306384
"686","9/22/09",0.00202888123565237,0.00566773263829878,0.00031268706483023,0.0181884504708114,0.0111894837373285,-0.00143455047254404,0.0316870292560834,0.00559212080511329,0.00730052852298657,-0.00289459619397414,0.0205780553807298
"687","9/23/09",0.00220922936110379,-0.0153288373479142,0.000468471543235927,-0.0217524958547223,-0.0201606400119998,-0.00526709397397307,-0.036133657937063,-0.00357490545605632,-0.0107735811018738,-0.00967676994345879,-0.0191871967144971
"688","9/24/09",-0.00569444392976448,-0.0109891834653189,-0.00468449254554992,-0.0172668880142534,-0.0187191227579327,-0.00262540203749628,-0.0365094749425734,-0.00797275089008354,-0.0144553508330415,-0.00625341591701289,-0.0188767907704618
"689","9/25/09",-0.00092343906017156,-0.00671303117909872,-0.00298089506052479,-0.00101144234669015,-0.0115086269108085,-0.00292440324210252,0.00319264273611108,-0.00703253017683525,-0.00843890962419946,-0.00177028838318827,-0.00916161574919705
"690","9/28/09",0.0138682460668207,0.0186436701651258,0.00519287984159189,0.0172087080225247,0.0207334471673035,0.00945086930637795,0.0413707946091844,0.0184135004081116,0.0147924677517894,0.0149727248125737,0.0332188557034905
"691","9/29/09",0.00291806466872835,0.00411787623265103,0.00516581122868054,-0.00261224014667205,0.00203119806735952,0.00355120960586297,-0.0162200602502982,-0.00854383614796705,0,0,-0.00331431991265096
"692","9/30/09",-0.00781970097656726,-0.00410098886806098,0.000778768557702314,-0.00461453567455394,-0.00764055374239558,-0.00900729572187997,-0.0095576026108436,0,-0.0105830076571294,-0.00329982319034172,-0.00698377951225793
"693","10/1/09",-0.0249265622204832,-0.0251658754222469,-0.00995967499102912,-0.0305727228377412,-0.039440753571676,-0.017854509066959,-0.0448737148353696,-0.0272540448445,-0.0268416923624487,-0.0194740307123841,-0.0388478821967148
"694","10/2/09",-0.00545116317320404,-0.0131423891931534,0.0040869535857162,-0.00685015465102512,-0.00670682670316103,-0.0085935273823714,-0.0070727333870878,-0.00473854916432759,-0.0155536369140062,-0.0031778268553273,-0.0017421849169581
"695","10/5/09",0.0154978214083454,0.0199760907101869,0.00250453372556558,0.0247267017897483,0.0219035571307691,0.0133356032854364,0.0274741555874118,0.00972867559390012,0.0187487374238908,0.00537953537402158,0.0289703312516481
"696","10/6/09",0.0126561806137451,0.0179529134244354,0.00968160902911674,0.0224791341583706,0.0195005322186126,0.00740243269205654,-0.00272328445297376,0.0196803628971811,0.0138540497142825,0.00990881158993551,0.0118724611667969
"697","10/7/09",-0.000367646205702399,-0.00183230947062207,0.00340236356408385,0.00819746494869511,0.00363579168361805,-0.00130618967798357,-0.000744775233645578,0.00381984836459726,-0.00122364673383002,0.00156996309433666,0.007710153895923
"698","10/8/09",-0.00294184764139971,0.0167509588187809,0.00585715502473039,0.0252558377818084,0.0211056235975249,0.00245253468915774,0.0191303520946935,0.00360497681216199,0.0120482342807924,0,0.00299431864440036
"699","10/9/09",-0.00497855988377671,0.00157970028268761,0.00245151286247025,-0.000841215811504759,0.000617169782429761,0.00570881621709129,0.00853253349290628,0.0131709232205977,0.00766734830783045,0.0107758823243254,0.00862352678164791
"700","10/12/09",0.00222386615825321,0.00112646077171474,0.000305556829091724,0.0135898549434801,0.00215799471868938,0.00518946380834207,-0.00145041084205089,0.00216690568791789,0.00020056197799323,0.00445795017862705,0.00591884140953947
"701","10/13/09",0.0012942583141351,0.00157563847706288,-0.00152806528000038,-0.000237182822935944,0.00523001774981791,-0.00467880366926743,-0.0140401263894733,0.000785944290072615,-0.00240231254158951,-0.00926272592736244,-0.00915318243323537
"702","10/14/09",0.00904888328171016,0.0168539748568384,0.00520382242246198,0.0172086375286833,0.0198927653600216,0.00340406820163563,0.0365825272854194,0.0155145957731431,0.024884350205777,0.0138293506045746,0.0316729433935337
"703","10/15/09",0.00878471105931533,0.00132604437031159,0.00852613345854425,0.0199511316602097,0.00405141948386123,0.00823917689676823,-0.00852680818586393,-0.00367432355239239,0.00274136516039247,0.00595584195870202,-0.0086346254216727
"704","10/16/09",-0.0116108247557436,-0.00772470615349152,0.0024153215303222,-0.00240238690384009,-0.0128514859290264,0.00096138328736961,-0.026278394413658,-0.00989911306188296,-0.0101541744147835,-0.00305590385504884,-0.0203227982589324
"705","10/19/09",0.0130320761450395,0.0153468382413029,0.00783135605258312,0.0127280889087129,0.0128673312714198,0.0139264672675563,0.0215898804790438,0.00980214344420571,0.0102583393820752,0.00977042361382785,0.00230489180982074
"706","10/20/09",-0.0126833499920578,-0.0122670919188248,-0.00239060557151871,-0.0072464539998508,-0.0104621068802442,-0.0102621711448289,-0.0184914047345217,0,-0.00546792685684971,-0.0111935696340647,-0.00722731011466005
"707","10/21/09",-0.0069737639000087,-0.0126411920441379,-0.00838851058947299,-0.003649887652307,-0.0138951943131044,0.000159700889627912,-0.0127238032949479,-0.00388271566481591,-0.0109952790524996,-0.013622388948168,-0.0175377178873134
"708","10/22/09",0.00665305424616447,0.0163969676719418,0.00166161722949321,0.00721188457288346,0.0136317749367958,0.00239252052543781,0.0262704853305449,0.00389784990771158,0.00813953735226902,0.00719693515651865,0.0259344471580143
"709","10/23/09",-0.0165227343301708,-0.00795558895193116,-0.0102549702997585,-0.0212524630254599,-0.0200968850444463,-0.0160700702506223,-0.0118330769177841,-0.00291208528552389,-0.0155570305592501,-0.010235462455667,-0.0141166495022829
"710","10/26/09",-0.0255741496245562,-0.00690633205136382,-0.00716123998285478,-0.0184623974549702,-0.0226676387745562,-0.0130981902240134,-0.00244362441152191,-0.00486760721931034,-0.0120024995967817,-0.00995128097357312,-0.0226443473826362
"711","10/27/09",-0.0034482714198687,-0.0204123461559202,0.00107426952636791,0.00674273408750281,-0.010097870135171,-0.00393260183374267,-0.0144537911878359,-0.00978278994766779,-0.0113381144450625,0.0023650862071356,-0.00681428488897984
"712","10/28/09",-0.00903504521493037,-0.030455944536371,-0.00597891155384123,-0.0333722766560269,-0.0341090382630601,-0.00888312173044514,-0.0420081937288986,-0.0191663177925616,-0.023960890832789,-0.0157292774868539,-0.0298456325163163
"713","10/29/09",0.00853559609606447,0.0271612051351215,0.0166563036024416,0.0268660035727397,0.0313531746145412,0.00912862862448027,0.0456666579652723,0.0195408438150559,0.0186739980328545,0.00978806585311842,0.037128776775452
"714","10/30/09",-0.023850873709073,-0.0264429818798974,-0.0180522285318808,-0.0385938468736351,-0.037439934289423,-0.0199011640454133,-0.0173698394538877,-0.0256865530614899,-0.0284241761865319,-0.0146388430921367,-0.0402320161847306
"715","11/2/09",-0.00433511400428788,0.00708551195970508,0.0100418866550331,0.00541846095022724,0.00864353624570846,-0.00318866961930542,-0.000252645068134272,0.00304194218829346,0.0069958994514483,0.00642396809601142,0.00426297303421697
"716","11/3/09",0.00771847709569884,0.00469067116990129,-0.00443580584479175,0.0144517130029886,0.0141728264979997,-0.00101009998722901,0.0146499200639265,-0.000202082271905435,0.016631379591765,0.0015961446212498,0.00389137817399421
"717","11/4/09",-0.00353508647102085,-0.00233443873941042,0.00276567554966523,-0.00181078717837535,-0.00113754092965801,0.00556114369108451,-0.0214090131201564,0.0064712204656725,-0.00227794692329308,0.00975908341710086,-0.0123328858592403
"718","11/5/09",0.016160942990342,0.0269067911334988,0.00628166397968211,0.0179002912137336,0.0258663631138727,0.0180998110096049,0.022640950697925,0.0233070960368551,0.0265673050313393,0.0187375474952443,0.0224756907419394
"719","11/6/09",0.0027154567326626,0.00888590690323898,0.0033493878674169,-0.00344579589683691,0.00333019154029635,-0.00279848091346346,-0.0164182101411942,0.00176709672187347,0.0101090580709857,0.00348503423121405,-0.00348894075877548
"720","11/9/09",0.0179881003268012,0.0210026852445104,0.0132017483150824,0.0200308492600574,0.0320845419049636,0.0183228814793914,0.049317419181961,0.0207760138151178,0.025220403192648,0.0152420603883072,0.0339638503290147
"721","11/10/09",-0.00417986785164359,0.00132704210381696,0.00149783961915873,0.00128597847957557,0.000918868388233962,0.0047007977791651,-0.0074717206455146,-0.000191830761870904,-0.00546678890192842,0.00532139149094912,-0.00474127608737795
"722","11/11/09",0.00705943102655504,0.00596446479368873,0.00314035634357945,-0.000116804658039871,0.00872092958470305,-0.00338805095663297,0.0186986035028751,0.00691367711451818,0.00647823658176194,0.002457280931915,0.0139503350144596
"723","11/12/09",-0.0119360381929092,-0.0116380201712157,-0.00655941086846346,-0.0221831824327067,-0.00970740313558116,-0.0132749998392115,-0.0102504685116218,-0.00610341230183464,-0.0120928004594067,-0.00641146092930156,-0.0171139519339482
"724","11/13/09",0.00345139228453695,0.0137744535644697,0.0069028383523142,0.00668628766723267,0.00719885910557316,0.00885980238081707,0.0134874023744598,0.00940316598452173,0.00927930733371696,0.00246725313567531,-0.000341639677760797
"725","11/16/09",0.0139498698964995,0.0168747997858942,0.00849476942011984,0.0260942037674152,0.0240266081003453,0.0141484193934343,0.0242397037565381,0.0102663191529642,0.0215180706252336,0.0136313310178457,0.0122953162758335
"726","11/17/09",0.00621926252431093,-0.0053876195345135,0.00236447164590414,-0.00127159262790411,0.00876168153754264,-0.00320712839361703,-0.0174011965869866,0.00602163439044845,-0.00172365216127834,0.00112052383848682,0.00168705500384347
"727","11/18/09",-0.000561876585025378,-0.00173357083471037,-0.000147597009055089,-0.00462967275276682,-0.000294609717889194,-0.00418278707739861,0.0181815968609973,-0.00635991034967409,-0.00383659463212249,0.00261184075320586,0.00774659001440603
"728","11/19/09",-0.0103072648414413,-0.015411558686261,-0.00501311460281073,-0.0236046105392543,-0.0154616568648386,-0.0126009332276978,-0.0229594492942042,-0.0154364614899251,-0.0171380748834001,-0.00744302155810805,-0.0183824522461165
"729","11/20/09",0.00397648830701591,-0.00573185031883505,0.00103743099108677,-0.0110753122810179,-0.000149653218652568,0.00196330283922275,-0.00712071068778364,-0.00688344214174386,-0.0033310422437165,0.00524920907411941,-0.00476677943363135
"730","11/23/09",0.020746929961122,0.00864768050235165,0.00947438189743344,0.0149324647516065,0.00897532576644977,0.0130634728966499,0.012670657596926,0.0155947825336142,0.0137605760572692,0.00988448858889313,0.0116316645980228
"731","11/24/09",0.0059127953592466,-0.00307764621645323,0.000879716946478482,0.00486506812658738,-0.00266852158980124,0.00402952578985794,-0.0148726752311121,-0.00454975867244822,-0.00290877851070392,0.00794108099712454,-0.00642510178032263
"732","11/25/09",0.00385752815944129,0.010143580735033,-0.00131853823663697,0.0109812837062044,0.0138249826655177,0.00915073698674873,0.00407401598902135,0.0024757905909929,0.00622376034641903,0.00586274063806402,-0.00136155502728807
"733","11/27/09",-0.0135407362168707,-0.0144075293252011,-0.00968314870404996,-0.0249942900160071,-0.0237534836280141,-0.0160671827052201,-0.0291175032513691,-0.0159572825409661,-0.0170082896633498,-0.0105645861927973,-0.0262440320567027
"734","11/30/09",-0.00129856889108937,-0.00332237781864253,-0.00429618375114893,0.00131752209173652,0.00480590517914292,0.00792205083750575,0.037364956721706,0.00173700990096726,0.00117936117936135,-0.00276137605057347,0.0241512818696838
"735","12/1/09",0.0198739970550168,0.013333180647505,0.0132419064235574,0.014954029722849,0.017040414235137,0.0166829534257631,0.0146922691892759,0.0150320435750735,0.0151219030840655,0.0110759595418879,0.002392247002027
"736","12/2/09",0.0103803314825992,0.00394750054276027,0.000440468211733158,-0.00648290749380698,0.0138156028075251,0.0119909365841635,0.0163473663576819,0,0.00135419589716856,0.00310401571634,0.000681815306538658
"737","12/3/09",-0.00414557498316892,-0.00961104429216175,-0.00748541893869359,-0.0156600387751807,-0.0162368058091632,0.00155909523143505,-0.0112589985780462,-0.00284773884042433,-0.00695494216308279,-0.00618856505857901,-0.0187393345879384
"738","12/4/09",0.0101357742419514,0.00992501507501697,0.00680258647827059,-0.00686996318669497,-0.00825210924452491,-0.00249059949811725,0.0295140568816294,0.00971062783095378,0.0175096736149647,0.00311342205637821,0.0187500846948971
"739","12/7/09",0.0150509223179129,0.00305720985483848,0.00132175489113528,-0.00169903777421077,0.00297156556628742,0.00827091724751705,-0.0209932099250044,-0.00301742879696754,0.000382364602129481,-0.00200816332299358,-0.0119291129218714
"740","12/8/09",-0.0102381796001059,-0.00696693111647861,-0.011881791667546,-0.0172623922697869,-0.0154074101461594,-0.00247633649770462,-0.00576431139526867,-0.0069981123740821,-0.0133793037074781,-0.00750103241949562,-0.0103482532411481
"741","12/9/09",-0.00124844589816486,-0.00109628171563259,-0.000445249671234271,0.000247399141093396,0.0133917201803126,0.00170658834956749,-0.0020870306850459,0.00914269853709926,0,0.00479287016567165,0.00243990050372611
"742","12/10/09",0.00553591095529082,0.0118523482743116,0.00326746030331249,0.0121194823916797,-0.00296955776147056,0.0116173059723994,-0.0039508650053941,0.00207617973700081,0.0025184672908718,0.0110071317960356,-0.00104347248067327
"743","12/11/09",0.00834624137036521,0.0108461222699354,0.00562556676901727,0.00134427511961777,0.00163800918849866,0.0162303603692908,0.0160988538703548,-0.00263700812515877,0.0115941380800484,0.000544417901148453,0.00765768646407405
"744","12/14/09",0.00140893713237089,0.0105152306139245,0.00309106844864049,0.00951786334694171,0.0157598583914305,0.00467074412277824,0.0181399748841493,0.0103871375032822,0.0118434130411178,0.0103370780685381,0.00690839523828934
"745","12/15/09",-0.0059794795495679,-0.00424740167470727,-0.00469621224652228,0.00410989933502082,-0.00995340318700721,-0.00284945469821007,-0.00992319298513977,-0.00467279946283239,-0.0032093152372199,0.00035914165838391,-0.013721828740626
"746","12/16/09",0.00247715803879789,0.00383880253683788,-0.00206408068561659,0.00794518635655561,0.010496857048057,-0.00210567551566809,0.00728890474528376,0.00525800197010229,-0.000378991272939389,-0.00305046116477381,0.00452172721734612
"747","12/17/09",-0.00617705936049706,-0.0108350297857097,-0.0127068801843134,-0.00752420094565831,-0.0225308156880253,-0.00542566120785593,-0.00610574442294576,-0.0112083477099292,-0.0098522863895727,-0.00971924560086002,-0.0145433395376888
"748","12/18/09",0.00781372086722909,0.00214765648447002,-0.0028435514024131,0.00360980719592408,0.00134674186090455,0.00348540778948925,0.00659833165655965,0.0149253458744643,-0.00114783575201771,0.0034532368273068,0.0126494472069376
"749","12/21/09",0.0112774044601733,0.0143591692918956,0.00930527115599022,0.0117509474877824,0.0116592766307788,0.00422812048570664,0.0135625187529136,0.0104244115056566,0.00862069809258781,0.0115919818673338,0.012144642872024
"750","12/22/09",0.0132606989874489,0.00206878257810961,0.0042432724243171,0.00448372757871907,0.00618659338574123,-0.00517597448696561,0.0104821680707918,0.00499695604888339,0.00336966063350008,0.00583138250761661,0.00651332789571435
"751","12/23/09",0.00229614432588932,0.00574578705862261,0.00395212523600996,0.00753961019092553,0.0154831226189993,0.00198362865142032,0.0119179105508098,0.00736668732319545,0.00287820478074674,0.000731370085205629,-0.00272496526102839
"752","12/24/09",0.00193816510668943,0.00105813740214478,0.00257397522007774,0.00403861022003182,0.00762367453392665,0.00670008227882457,0.014447494373157,0.009506462762086,0.0044013171455406,0,0.00766681942423331
"753","12/28/09",0.00650729759416513,-0.000634287423576074,0.00271797947390962,0.00260216178587092,-0.000291268439386982,0.00121013100682732,0.00479117892342296,0.00162977697291211,-0.00247682796682813,0.00274137404348274,-0.00136456131655271
"754","12/29/09",-0.00122299508133228,0.00232668924251356,0.00225899770287508,-0.00707927905136641,-0.000582027010786135,0.000302229901837148,-0.0149549476392521,-0.0007231644988962,0.00152808969448692,-0.000546784213898643,-0.00375831310002483
"755","12/30/09",-0.00174944884389838,-0.00400919383948772,-0.000901833908660943,-0.000831982557894073,0.000145587131980651,-0.000906248311786206,0.00154033679210963,0.00379938619711973,-0.00343277715169277,-0.00127638209533587,0
"756","12/31/09",-0.00963911230054093,-0.00911040871289548,-0.0120316329803258,-0.00844440693988568,-0.0125216867100214,-0.0146637137840168,-0.0171349209825321,-0.0109947913585918,-0.013011621580872,-0.01058989946127,-0.00411486488393753
"757","1/4/10",0.0214123257836785,0.00791104565801004,0.0101994864591559,0.0311865842716823,0.0302271657955513,0.00444920924633707,-0.00424712624530665,0.0169490913859125,0.0186118923499707,0.0138402757778584,0.0182505168222695
"758","1/5/10",0.00675650648328663,0.00636407980432496,0.000903981141112453,0.01023581868056,0.0060110799469657,-0.0093173228435961,-0.00112194198715976,-0.00107531040026287,0.0043773470727495,-0.00618868086373858,0.0111598242293494
"759","1/6/10",-0.0158318947321511,0.00105412253579473,-0.000150366902040622,0.0115141623936839,0.0140842270651789,0.00447148121484964,-0.00179798366461137,-0.00699673402536782,0.00246386407828281,0.00567783549494627,0.00167237310409751
"760","1/7/10",-0.00367206502734119,0.0086331966960298,0,-0.00239058757268318,-0.00434910464318428,-0.00445157607604907,0.010805766548672,-0.00379407477608096,0.0122871586712974,0.00346009056450192,0.0193654580722766
"761","1/8/10",-0.00456289896374695,0.000835049326674442,-0.00542084213557192,0.00753095458695152,0.010850166302983,-0.00107899371096598,-0.00734978921574936,0.00779830244984137,0.0132586378220778,0.00362988815521326,-0.00393052728934784
"762","1/11/10",0.000881510026817356,-0.00125152890164515,0.00348229405073774,-0.000792546110241155,-0.00334580107672666,0.00771710955995752,0.00583368691081865,-0.0043187259563372,0.00939919072568252,0.00506343057981362,-0.00032877106114837
"763","1/12/10",-0.0125066391024511,-0.0137842569777458,0.00452602314726192,-0.015754470175113,-0.0194404622301297,-0.00214409303673779,-0.016730001325139,-0.0131937252023696,-0.010041836921409,-0.0068371086385739,-0.0121709628676916
"764","1/13/10",0.00463778037164309,0.0114354093729805,0.0069090543408401,0.00506663718096267,0.00912848962137969,0.00920933441094851,0.0201911095434344,0.0109890924638278,0.0060862146480587,0.0148550528461158,0.00932370458408771
"765","1/14/10",-0.00834506533151957,0.000209633333334125,-0.000596784545602635,0.00274994100806381,-0.00932866342267602,-0.00319396548662454,-0.000889628309416746,0.00634051433512028,-0.000916638413818394,0.00660474608523853,0.0065988871568059
"766","1/15/10",-0.01253369537932,-0.008582783479958,-0.00567146239979255,-0.00811259533310404,-0.00927374967601191,-0.006865848969,-0.00756755727537339,-0.0124212553754872,-0.0115596728488286,-0.00585221798223368,-0.0173718552079262
"767","1/19/10",0.00997294407943161,0.00992413112384871,0.00630435824057818,0.00933084086193592,0.017137138037393,0.0122904319497408,0.0204083683291683,0.0138535585675466,0.00891025576314708,0.0203356882910848,0.0120082658219451
"768","1/20/10",-0.0150807941325215,-0.0108718555831382,-0.00745815069660294,-0.0164343975615344,-0.0154324933643252,-0.0100165581474158,-0.0112087184310338,-0.0129451260448052,-0.01287936545417,-0.00646865288782761,-0.000329686869427137
"769","1/21/10",-0.0123952747545435,-0.0128937626089703,-0.0154794454404422,-0.0196101400353385,-0.0415589313390108,-0.0141040794740735,-0.0286732255450632,-0.00983594337244953,-0.021062382250148,-0.021643529181243,-0.0230793988508639
"770","1/22/10",-0.0166111961282025,-0.0190575850670018,-0.00381612063546477,-0.0241448344145332,-0.0229555512761278,-0.0203700582636754,-0.0251716783190449,-0.0375275999724423,-0.0184690396948686,-0.012589946005396,-0.0320620190418338
"771","1/25/10",0.00919672424742024,0.00458394639515713,0.00199178368803543,0.00764076912315637,0.00767793444616549,0.00634941242698472,0.00704244528033904,0.00630736135338039,0.00407338712831051,0.00145712808397502,0.00627618082272163
"772","1/26/10",-0.0137625266768658,0,-0.0015290809126306,-0.00637947332563293,-0.0100578996256143,0.00252336473112535,-0.00932439663640872,0,-0.00154555424740987,-0.00345568541262964,-0.0128205006319912
"773","1/27/10",0.0018859994851097,0.00325931042777738,0.00214404925885092,-0.00593565629251269,-0.00538772842846624,-0.0058211167480815,0.00894154455269347,0.00588805121031721,0.000580494179999835,0.00474523617768696,0.0210597586006778
"774","1/28/10",-0.0122341591943678,-0.0056312510000176,-0.003209317849167,-0.00987094992991111,-0.0202755701960342,-0.00791277459843165,-0.00862860644544938,-0.0268129492416754,-0.0137303314072947,-0.00817446919516662,-0.0051562046731447
"775","1/29/10",-0.00666918314097997,-0.00697037651830079,-0.0024532907219138,-0.0178460907727873,-0.0159556785844319,-0.00701857540646234,-0.00564608034373448,-0.0225066554776514,-0.0103920506293556,-0.00329676184186767,-0.00552881200802546
"776","2/1/10",0.00882397059657336,0.0109673521629718,0.00799272638586013,0.030200531413904,0.0333920419149674,0.00562234672889472,0.0182165683577287,0.0160778484577024,0.0134733515359042,0.00349164478156405,0.0128560986159258
"777","2/2/10",0.0104583086214081,0.0162726345323183,0.0126562056515866,0.0161782182072563,0.00885519555411052,0.00782773822180971,0.0137081369767309,0.00859552309402267,0.0187683783844101,0.019410226307907,0.00789051253955542
"778","2/3/10",-0.00771543812823683,0.000213486662149487,-0.00496901241126269,-0.00957632046972223,-0.0100091927083718,-0.00634035388138132,-0.0162732204791729,0.00290502466330711,-0.00402979257160441,-0.00969992279484622,-0.0115723723972465
"779","2/4/10",-0.0307227146824723,-0.0307365498864793,-0.0234563996862747,-0.0420595518687261,-0.0404418934047952,-0.0267985286000432,-0.037045613036045,-0.0293548203739774,-0.0319847493334731,-0.0281154621022266,-0.0365016909048524
"780","2/5/10",-0.00117377467986368,-0.00484473454059786,-0.000774923777614567,-0.0017663765834609,0.0157238937658748,-0.00262248805999266,0.018388135213014,0.00935119506968429,-0.00457827957605816,-0.00242629531128813,0.0100073771374909
"781","2/8/10",-0.000979705113707707,-0.00287658651735923,-0.00279169453850614,-0.00783602036755848,-0.0172359236736983,-0.0103531466309741,-0.0218579504169722,-0.00512482637098111,-0.00979780214258719,-0.00411600026621672,-0.0194625333569105
"782","2/9/10",0.0123530258817819,0.0135374944098847,0.013219346458053,0.020636823524554,0.0250081043387362,0.00979744003976646,-0.00315728892405664,0.0108974452394379,0.0159532724076037,0.00695103571292144,0.0097439535530377
"783","2/10/10",-0.00445481685435178,-0.00372227469852937,-0.000921155487183301,-0.00336995160720732,-0.00364382162848487,-0.00394689679489779,0.00194917972034814,-0.00215628471525708,-0.000596581067956792,-0.00335820426624778,0.00786275036722617
"784","2/11/10",0.0110897925803783,0.0120878388907693,0.00875730128461583,0.017407623504039,0.0152646128508007,0.00742937845092895,0.0094844399653442,0.0131607625260253,0.0163086997657216,0.00711347818392527,0.00425549519895174
"785","2/12/10",0.00173183471710514,0.00217168619193142,-0.00274121848546904,-0.00221566165054465,0.00250598880507069,-0.00393286021124306,0.0118044890431475,0.00232631555968998,-0.00528358568051635,0.000743333026352211,0.00247161805219687
"786","2/16/10",0.0128696421654573,0.0158178247279321,0.012828058796692,0.0241797602259781,0.0251521406154527,0.0179332380574342,0.0283332657248081,0.0143133445481933,0.0212472926818521,0.00872984891416806,0.0200773239086853
"787","2/17/10",0.00720652171957381,0.00895912531908727,0.00723776298648215,-0.00156607992120827,0.00213368571929662,-0.00129321916150527,0.00902970375475842,0.00457681527267417,0.00789820733544411,0.00736489279531582,0.0044889683405307
"788","2/18/10",0.00508380743137971,0.00549679080255117,0.00733534081765974,0.00591165046022324,0.0109488264333861,0.00598829201642559,0.0149153066601968,0.00873190463984974,0.00974788663027626,0.00329007058870667,0.00584419892937493
"789","2/19/10",0.00262278074636857,0.00399479262492042,0.00148612929522485,0.0035978048011871,0.00526474087462803,0.0135134767573524,0.000678179601641293,-0.0011292198590005,0.00416408364603171,-0.000182007830267561,0.00410120870155528
"790","2/22/10",-0.000747662450052755,-0.000209347496425205,-0.00133534915561329,-0.0139816282960609,-0.00209462376317648,-0.00476194383358119,0.00248545377099241,-0.00207218436362533,0.000188692475802998,0.000182040963148333,0.012253088243146
"791","2/23/10",-0.0125279315175857,-0.00754067913648693,-0.00564660773861558,-0.0174525506514968,-0.0190436067560753,-0.00877163744835685,-0.00766280745273096,-0.0134039030651621,-0.0128158564195036,-0.0114774957228369,-0.0151310896877931
"792","2/24/10",-0.00113606563964053,0.0141409634121736,0.00687387622212365,0.00629071497861489,0.00152847204004347,0.00209167001847321,0.0102200868220483,0.00937627317374634,0.00801835495334902,0.00663488125137213,0.0163877887534731
"793","2/25/10",-0.00170612528920622,0.000624238191619053,0.000148503806461919,0.000245488676263506,0.000915902913231292,-0.00321166323314603,0.00382228788311956,-0.00303322963335417,-0.00151508899316566,0,-0.00268727323552476
"794","2/26/10",0.00170904112749426,0.00436799386405262,-0.00519371535701041,0.00171560213424615,-0.00183005657697,-0.00692609750978945,-0.000448148227169431,0.00114094545088661,0.00455218614377317,0.00164758887625527,0.00336800203597298
"795","3/1/10",0.00644526369238885,0.0163593975794667,0.00686170298966382,0.0111326764179012,0.0184847595150008,0.0113542176006693,0.00851450781513186,0.0161444166503613,0.011707064271907,0.0107842674908831,0.00402836437522258
"796","3/2/10",0.00489743254024511,-0.00122257346708321,0.00518489808385225,0.00871143620399661,0.0118494065787618,0.00593443917788306,0.000444209548614349,-0.000373970240618915,0.00279958963471771,0.00650987435024875,0.00534934975465617
"797","3/3/10",0.000375097662898227,0.00163196331033921,0.0013265920778267,0.00335857974441378,0.0094869555625583,-0.000478680267190446,-0.00266491109691069,0.000561010107736903,0.00372213968444957,-0.00323385422399003,-0.00232777625482561
"798","3/4/10",0.00299767820085117,0.00875745646024995,0.00382672537003237,-0.00466220899096215,0.00249647086076954,0.00111667444032482,0.00623513912339213,0.0046721735516233,0.0033376747466678,-0.00198272903190233,0.00966669044569146
"799","3/5/10",0.00448361516550522,0.0163539654727241,0.00601199216101911,0.0178954449357844,0.0139153733137944,0.00987912168400662,0.0272180367944304,0.012648679467264,0.0157085931566578,0.0121005620422177,0.0181576266592582
"800","3/8/10",0.00762494022726989,0.00437017955233143,-0.0033522884015027,-0.000943803241422625,-0.000722445731771382,0.00141981867367025,0.0101252336628423,0.00459205383565031,-0.0032750601652094,-0.0032119864181025,0.00518815303515807
"801","3/9/10",0.0114435068518071,0.000395558358292192,-0.000585218129058873,0.00047262345489929,-0.00361425165996865,-0.00204825687789356,0.00234558321164569,0.00383984199342957,0.00839737258375917,-0.0017903935994471,0.00258053358965116
"802","3/10/10",0.000547393114965544,0.00514044773446076,-0.00204858168463151,0.00743703570712007,0.00014538910922135,0.00157896919022349,0.00893639485904862,0.00819682765965202,0.00362054293080116,0.00394562767253603,0.0106179024773789
"803","3/11/10",0.00601854181718009,0.0045240668411215,0.000440099723562071,-0.000585924873764854,0.00362657400913036,0.00315252305607694,0.00590464522669465,0.00289066749646372,0.00180382550447367,0.00571624838868079,0.00859606765301524
"804","3/12/10",-0.00362568890548021,0.00293708310022156,0.00234493405765868,0.00105500906480538,0.0072275447358654,-0.00534271267805553,0.00796650815806155,0,0.005401500607223,-0.0047957404001141,-0.00441936752619843
"805","3/15/10",0.00181938039827689,-0.00019531848637655,0.00687258426195037,-0.0114778424709894,-0.00330063819028215,0.00284379613309049,-0.00228819273969116,-0.0032425453834809,0.00161180731025579,0.00428346781671629,-0.000316916367060549
"806","3/16/10",0.00526677163370026,0.00742043411162419,0.00508251320533759,0.00983422766649711,0.0146865870037991,0.0111844554370455,0.024181660902687,0.0074099611094034,0.0110854769345112,0.00337640203765721,0.0133205714414786
"807","3/17/10",0.00704636727763575,0.00445829760410077,0.00419025509517224,0.00950348196987072,0.00709508716210205,0.0034275951320597,0.0148588753036953,0.00574082500039186,0.00318280890243083,0.000708555116557763,0.0118935455925782
"808","3/18/10",0.00412624339511702,-0.000964872591613597,-0.000863283821546768,-0.0149931756468468,-0.00732673825891761,-0.00450241862458178,-0.00541500093365088,0,0.00405410425089769,0.00530967325199572,-0.00494908213007084
"809","3/19/10",-0.00375191557094134,-0.00714707472312814,-0.00230407324298221,-0.0132151032031704,-0.0120652300045893,-0.00187163987398464,-0.0108893165003476,-0.00891900651401945,-0.0061444515872946,0,-0.0055953770909335
"810","3/22/10",0.0107604311352083,0.0147860745573996,0.00606215765977614,-0.0013154213130524,0.0129309584057147,-0.00531242187734293,0.0126401609653952,0.00935945532130655,0.00494598041346284,0.00897892495577457,0.00531455226788724
"811","3/23/10",0.0102908120300134,0.00671006051572243,0.00918218479722199,0.00466958401709894,0.0140422746269293,0.00408409081756056,-0.00281864374291962,0.0101639212087292,0.012831911697079,0.00418771848923805,0.00590773647294851
"812","3/24/10",-0.00983479987153935,-0.00476105504135049,-0.00909863940876732,-0.00572046022862505,-0.00391639453548709,-0.0103253304481039,0.00545096145874346,-0.00776693979335019,-0.00711567752394093,-0.00903550542625664,0.00370943404589541
"813","3/25/10",-0.0122384730875412,0.00363575813541694,-0.00114767635451207,-0.0173795566794979,-0.0205027422257367,-0.00684336670543118,0.00244841138598795,0.00160107264212606,-0.00349572781821816,-0.00543580657644804,0.00188061566098607
"814","3/26/10",0.00143657889983473,0.00457567741934106,0.00100532334840686,0.000365858520410933,0.0073120020716837,0.00208805406626711,-0.00524705498684297,-0.000888065130748572,0.00420971641848,-0.00617068226293971,0.000922957862677709
"815","3/29/10",0.006634382661729,-0.000379482511778995,0.00545240263283198,0.0187783735514027,0.0103898865424914,0.0123415532505775,0.0030428427280722,-0.000533167187308448,0.00803474602508025,0.00816050179737449,0.00184439677696036
"816","3/30/10",0.00427507204162003,0.000949279946819814,0.00171320361341154,0.000598139124360131,0.00140847783199494,-0.000791557049510838,-0.00141592620498032,0.00533607028206728,0.00242600577788132,0.00140764257995851,-0.00552304028977979
"817","3/31/10",-0.0030153457056985,-0.007018372179037,-0.00569891006343204,0.00490433376113519,-0.00436066053796658,-0.00301064343437274,-0.0113428589868664,-0.00601558706317673,-0.00518587519243707,-0.00386589671034276,0.000616854577792703
"818","4/1/10",0.0080058346484313,0.00725899443744837,0.00530148285201593,0.0183310902872944,0.0158237333807156,0.0111253777178537,0.00512215365511537,-0.000178055393340038,0.00729810881791337,0.00546832835787225,0.00832572892527939
"819","4/5/10",0.00970678341893083,0.0136545892327369,0.000427822839502712,0.0184687715183467,0.0146036821869369,0.00738749205645139,0.0220133628253709,0.0137084929944069,0.00914270748697743,-0.000175270352666401,0.0116210356070092
"820","4/6/10",-0.00489411110938798,0.00299336623233692,-0.00327695192960198,0.000803400351363281,0.00287884129444449,0.00858159341831399,0.0229360314315299,0.00122947972809495,0.000341766053593373,-0.00140377080611054,0.0126965122780351
"821","4/7/10",-0.0107150433423259,-0.0050364190280997,-0.00471706554875884,-0.00940360958796393,-0.00656108354394114,-0.00912729761271758,-0.0220317064576919,-0.00245576531839853,-0.00563900573828202,-0.00491986379712117,-0.00626891497534365
"822","4/8/10",0.00710242809062911,0.00918646973838655,0.000574243865399282,0.00439904499053556,0.00220128518813056,-0.00577654460317978,0.00119639430204388,0.000175895039594698,0.00343693525025701,-0.00194248505679928,0.00750984559441559
"823","4/9/10",0.00458381444593225,0.00798786153401188,0.00545450872057307,0.00979722886456891,0.00439345922204981,0.00596691420691053,0.0141377116951327,0.00773531775351843,0.00565178119806342,0.0038922081183248,0.00477095747726497
"824","4/12/10",0,0.00147467244072619,0.00142752151665104,0.00273938578743649,-0.00560428988674466,0.00405891594823338,-0.00628341378601749,0.00401270704070189,0.00340577399205877,-0.00158602953189513,0.00415368254072002
"825","4/13/10",-0.000350755914524048,0.00607282485071403,-0.000427544044440453,-0.00466675022169138,-0.00164939592890179,-0.00357595532592403,0.0245014108906596,0.00312752838061292,0.0032249767815915,0.000882612319657472,0.00118192781654081
"826","4/14/10",0.00280853328689035,0.0149989859907094,0.00171142651336864,0.0105213755018538,0.00881158088306511,0.000780135116136504,0.00154271728082067,0.0178418617743503,0.0131956668437534,-0.00123445082240681,0.0253839465659187
"827","4/15/10",-0.000174725907943096,0.00396466676109375,-0.00170850253682897,0.00158423833760435,-0.000818910508804671,-0.000311600959610137,-0.0273445441776885,0.0049353797037337,0.00768056787501936,-0.00176606961062009,-0.00489391570204045
"828","4/16/10",-0.00752933768524999,-0.0134625138442152,-0.0032802952791755,-0.0160453140507633,-0.0162545186239035,-0.0102934260618537,-0.0229659585558559,-0.0125318243349718,-0.015741365622107,-0.0056606134128564,-0.0350009592576639
"829","4/19/10",0.00194081793670819,-0.00018202716632687,0.00214606792741101,0,-0.00124958579884027,0.00094572860413189,0.00445812116162525,-0.000857585397948335,-0.00151520738920197,0.00676023540943604,0.00899253878109385
"830","4/20/10",0.0079237867437576,0.0118289877418321,0.0035697710971021,0.020211217865606,0.00472685222891567,0.0111774887585581,0.0169459775688019,0.00652260537352789,0.00876744777536187,0.00371085416521666,0.0148545206582784
"831","4/21/10",-0.00716288849889679,0.00755388314001948,-0.0014225579742706,-0.00168797073766824,0.000415137382094199,0,0.0174568470083398,0.0039223229501264,0.00701999255343733,-0.0165490616268498,-0.00292706984531943
"832","4/22/10",0.00123186177528511,0.0178507620286503,-0.000712703353257127,0.00157834355091202,0.00816026297838679,0.00622739111735315,0.0154025611093076,0.00373691002117837,0.00979241888053473,-0.0107413397291883,0.00675257014826602
"833","4/23/10",0.00105459248643669,0.00543671187217876,-0.000998281692009551,0.0235280885862776,0.0139937107253993,0.007736424639323,0.0132486535482528,0.00406160838554004,0.00657467891474828,0.00959103986495125,0.00495772312664888
"834","4/26/10",-0.00228253150474333,0.00418634737253876,-0.00199759168919356,-0.00351960081056613,-0.00067640815363823,-0.00368471467030174,0.00795918244897664,-0.00134847981616493,0.00277596386948575,-0.0111131055711777,-0.0150899617216541
"835","4/27/10",-0.0112617621273524,-0.029529286625088,-0.0171600126038531,-0.0289184784679937,-0.0316817538375124,-0.0160272068888248,-0.0319607041600484,-0.0207592813803404,-0.0260545555026243,-0.0103318085036269,-0.0318209004845494
"836","4/28/10",0.00569506455165891,-0.00232678399772757,0.00640186184739533,0.0101162157731198,0.00838936505477461,0.00845730860936444,0.0031071185868965,0.00258531026315767,0.00568498353170099,0.00586095640551432,0.010346982821231
"837","4/29/10",0.0106177150375895,0.0204520401339465,0.00462627940501115,0.000112461057504065,0.0108152589411177,0.00372708199582528,0.0451115588638022,0.00945507749155361,0.0211137493939746,0.0169335695751889,0.0253009930687433
"838","4/30/10",-0.00787948230445368,-0.0218001944517202,-0.00618785120466503,-0.012488679731922,-0.0190671844374832,0.00263068441504233,-0.0311226524363508,-0.0221391208477163,-0.0221426278330313,-0.0125332858938251,-0.0246766493349597
"839","5/3/10",0.00900064943950052,0.0213874259216511,0.00521275843212754,0.010026210257057,0.00461486009160073,0.0121911280340672,0.0332695239668999,0.0137583713954332,0.0203130222429748,0.00670895701663321,0.017469361516409
"840","5/4/10",-0.0237885003331826,-0.0302655744740502,-0.00979554427592766,-0.0262834123291404,-0.0361918027583198,-0.0178381011374588,-0.0227610673298351,-0.030063668876241,-0.0339423646954531,-0.00972637430647283,-0.027234609449958
"841","5/5/10",-0.00304607074256513,-0.0154239910997228,0.00174600384599377,-0.0149442147374464,-0.0103984206683476,-0.00822713077777515,-0.0134443498068669,-0.0069075284996476,-0.0131757635068365,-0.000545586452694979,-0.00578217052742547
"842","5/6/10",-0.0239035076659421,-0.0350164651928329,-0.0255592444285982,-0.0366930249642675,-0.0296263984091475,-0.0261386183647451,-0.0410747845324453,-0.0356697965541259,-0.0326942155684136,-0.0280255223286718,-0.0413223523381041
"843","5/7/10",-0.0206223824731216,-0.0210083424475908,-0.00715347757054507,-0.0192892652123116,-0.0151901895246073,-0.00916098985050784,-0.0168133448514224,-0.0207138542979642,-0.0237129837012888,-0.0168507532559983,-0.0137294314143158
"844","5/10/10",0.0283886802010538,0.0520874258024473,0.0282197719522477,0.0415783089351556,0.049480842362662,0.0317922588482089,0.0659604601547381,0.0485366382854662,0.0567340177670945,0.0287564356403784,0.0556818249336182
"845","5/11/10",0.0025597579357115,0.00148329950887183,0.000146002443214943,-0.00645392399299138,-0.00989543806046522,0.00235808733472731,0.00592078031777032,-0.00342229203500255,-0.000686118222129939,0.000185171538437334,-0.00245334518032003
"846","5/12/10",0.0198755927288548,0.0174041891135619,0.00832000880135109,0.0149164118410796,0.0224867289830142,0.0114491119432418,0.0161383829904114,0.0245796830441065,0.0259182734626655,0.0101795064382739,0.0132184883127204
"847","5/13/10",0.00232447150968285,-0.0205640758751061,-0.004487783630991,-0.0062819176879394,-0.00991796736620609,-0.00387643897355183,-0.0162558513608135,-0.012876973396173,-0.0115441296487139,-0.00806156772553357,-0.0151698174527153
"848","5/14/10",-0.0121297792875907,-0.0193238098897723,-0.00959710773125355,-0.0218271183724159,-0.0265678401531489,-0.0088730121630628,-0.0317187679513756,-0.0221586511360572,-0.0223426734777592,-0.017177532248267,-0.0264941713226962
"849","5/17/10",0.0090285872044602,0.00738916592028849,0.00836885321828307,-0.00938923927279001,-0.00253558266482512,0.00219864502054024,0.0013733800169804,0.0021929862239094,-0.00259712974896531,0.00150332177728552,0.000632892702077115
"850","5/18/10",-0.00626375735673568,-0.018807529746232,-0.00407687936119594,-0.00910879926497909,-0.014054813786298,-0.0109699688158506,-0.0252697421031898,-0.0154996383441922,-0.0123240883970954,-0.00675547890509387,-0.0268817751428263
"851","5/19/10",-0.00648270347422442,-0.00709212611684651,-0.00263170279861125,-0.0115530823523049,-0.00652111629088314,-0.00839790447674982,-0.00924404627501074,-0.00648275798490883,-0.0163445926188844,-0.00321181435902385,-0.000974733879950174
"852","5/20/10",-0.0342578044476892,-0.0403473380175544,-0.0325415712952521,-0.0454942465864984,-0.0468632658383824,-0.0348352871037023,-0.0513186420693549,-0.0363533781276927,-0.0466319645359058,-0.036012231891292,-0.0471699031251033
"853","5/21/10",0.00581819090151714,0.0170989561888903,0.00439376775050659,0.0180383618742301,0.0240230984878411,0.00397335911496222,0.0335685520257076,0.0106403063090796,0.016491512055721,0.00314583655441081,0.0331172841440168
"854","5/24/10",-0.00466483044633925,-0.00712018390349733,-0.00859848902201643,-0.0240559723449887,-0.0143882735298277,-0.0079155397948637,-0.0223419326670431,-0.00650841994105067,-0.0154864784641328,-0.00215614249663132,-0.0254464983214724
"855","5/25/10",0.0033746324507975,0.00737053159254009,-0.00897744025163438,0,0.0107900752646963,-0.00648261873718037,0.0080407396011406,-0.00192672881069822,-0.000749076608896559,-0.00530330233588527,0.00576459753659742
"856","5/26/10",-0.0089687286547564,-0.00296645659788186,-0.00736992675627968,0.0022527320336001,-0.00329658275481315,-0.00033491161042476,-0.00209875117764557,-0.00694979737008583,0.0041228999781302,-0.0025670682625899,-0.00472006356101529
"857","5/27/10",0.0296005823204142,0.0374854253617485,0.0204174171005846,0.0417823863483053,0.0417387863644703,0.0202511276541633,0.0549009882451552,0.036936241265771,0.0365807912500786,0.0192043230707279,0.0447156248908689
"858","5/28/10",-0.00860695745005968,-0.0128083869720427,-0.0051537760682282,-0.0190378560959615,-0.0154218004919581,0.000656319705667485,-0.0127621113573206,-0.00956128979227633,-0.0153043712989449,-0.00291397365472956,-0.0184826967259196
"859","6/1/10",-0.019024522931975,-0.0160727248590219,-0.00198076538455083,-0.0461898354465945,-0.0328625596322578,-0.0224589999437385,-0.0208039758841244,-0.0153321289217803,-0.0199304470316573,-0.012273518223364,-0.0224644559839268
"860","6/2/10",0.0261719431475844,0.0210587328130307,0.0172520473324724,0.0439504875626726,0.0279453581806308,0.0216334242568981,0.0195960193101414,0.024990073795172,0.0248132841888049,0.02465491908564,0.0283882211451323
"861","6/3/10",0.00642216779644333,0.00751752427497299,0.00150090648425305,0.0142928732453216,-0.00617847595262921,0.0113263709467075,-0.00283175611591802,0.0125658277963041,0.00546180542620345,0.00596726612557408,-0.00328613319936832
"862","6/4/10",-0.0306291409282032,-0.0409414512919835,-0.0262251181366335,-0.0349729014820391,-0.0424307923328114,-0.0319755542250478,-0.0566042385541046,-0.0350065735326579,-0.0467139093561444,-0.0321470556354143,-0.0415430475775532
"863","6/7/10",-0.00883928368133668,-0.0225413130246809,-0.00877196860692742,-0.011018562785878,-0.018178849440883,0.00469458573498338,-0.00537636205711478,-0.0205375961431028,-0.0269707172513078,-0.00257027133475762,-0.0182319473231881
"864","6/8/10",0.00815929929155956,0.00714295205955584,0.0145938989896315,0.017450093298838,0.0185154388154407,0.012517093871546,0.0179457822106268,0.000588118225851808,0.00936953708761945,-0.000990740820779989,0.0164681068936794
"865","6/9/10",-0.00169402318610623,0.00081051381900088,-0.000918029211800508,-0.010686260730332,-0.00146078166199759,-0.0064282153792713,0.00594785820613186,-0.00744212236187947,0,-0.00396845639262233,-0.00758353141018631
"866","6/10/10",0.0258295724216173,0.0334075520479342,0.0150098243544765,0.047739725761125,0.036898585179689,0.0258792414913187,0.0432849338649726,0.0264404686307065,0.0361634091505851,0.0213146512244839,0.0323027721153901
"867","6/11/10",0.010476073998106,0.00293880965176463,-0.00331964821020159,0.0061094222078355,0.0150491726016362,0.000969992524630703,0.011941247452371,0.0119183984954607,0.00541235330218792,0.0101425653270681,0.00672943634965506
"868","6/14/10",-0.00127321477604803,0.00546986030848706,0.00287662153867041,-0.00354246380128986,-0.00833958072103513,0.00436177923444059,0.0124000450177006,-0.00246975261143945,0.000742693550677798,0.00135148408868302,-0.00401069614570237
"869","6/15/10",0.0198507208040715,0.0227316082883247,0.012681332790029,0.0286911921953359,0.0270984694027008,0.0205890771154937,0.0223228015166654,0.0302799285494606,0.0309775793523503,0.0165830975188928,0.0234897185614598
"870","6/16/10",-0.00035715654332602,-0.00607906813457526,-0.00626133066456924,-0.000864002434235456,-0.00257736642484929,0.0056734681562387,-0.00908188488720296,0.00184843907669552,-0.00197938473372428,0.00284543625597844,-0.000983362780293096
"871","6/17/10",0,-0.00573388961652588,0.00750085381332588,0.000247247121408778,-0.00380094891488247,0.00720892273918361,0.00214494124670628,0.00313664258291912,0.00180301912049652,0.000756494741860569,-0.00196920905822096
"872","6/18/10",-0.0014291365987914,-0.00269130411284657,-0.00193592037615176,0.00568047810053973,0.00488322946882969,0.00171152475386971,-0.00311316554471475,0.00128743286423938,0.00305920469029952,-0.00226802759254485,0.00460388715213167
"873","6/21/10",-0.00554561493278871,-0.0104087296975893,-0.00417710453062636,-0.00306987278591697,0.0024300224429068,-0.00807682052916159,-0.00780823036125255,-0.00789863491330289,0.000717461686911003,-0.0049254466010088,-0.00425556350774914
"874","6/22/10",-0.0091743756586079,-0.0231785676508359,-0.0094382137351009,-0.0285746270919139,-0.0237843622643322,-0.023332299930271,-0.0297069000138057,-0.0109239875536268,-0.0252778449205285,-0.00989887103084452,-0.0144641345159181
"875","6/23/10",0.00726195817122766,0.00119621961861172,0.00196608606835769,-0.00887561482828636,0.000465524349868573,-0.010742432247365,0.0026358216472484,-0.0041180739810186,-0.0033107499233247,-0.00307636601432981,-0.00466952303794099
"876","6/24/10",-0.015140405765206,-0.0246960003739473,-0.0096604259471621,-0.0214918452589408,-0.0259034988337593,-0.00399425604919423,-0.0211688582543081,-0.0186091677263405,-0.018453392836863,-0.00887180129877696,-0.019001480789437
"877","6/25/10",0.000732043672296401,0.004696572577219,-0.00884003943310996,0.00418359805321211,0.0146495939860996,0.00575241507886859,0.0252348913228277,0.000957633833480465,0.00582809867612255,0.00642152213813652,0.0260544265573206
"878","6/28/10",0.00603512573526843,-0.00650401694760983,0.00753499531646673,-0.0132791535625795,-0.0102009645944273,0.00702738451106844,-0.0117985314319269,0.000382780182881959,-0.00411243994627331,-0.00135346791138546,-0.0100233741572956
"879","6/29/10",-0.0238139181255299,-0.0388709062320375,-0.017094040169073,-0.0339096458202316,-0.0366259472081256,-0.0214215150159115,-0.0327295292969808,-0.0401684586940068,-0.0392266378544577,-0.0209099642268457,-0.0371247917951006
"880","6/30/10",-0.011545521420562,-0.0112813401845407,-0.00760862939768958,-0.00518994751975543,-0.0118496017257539,-0.00663352381237559,-0.0106401554342755,-0.0143481748829716,-0.00625091853051318,-0.00652539960964216,-0.0108654781582556
"881","7/1/10",0.00339123811835029,0.00581294847400682,0.0012515530069348,-0.00398106477578986,-0.00682896480877371,-0.00584314187019441,-0.00344157543586565,-0.00444814341614075,-0.00845314561334209,-0.0125397775456948,-0.00850477150620221
"882","7/2/10",-0.00300422068130068,-0.0107023743367161,-0.00250023202758631,-0.00317050793505247,-0.00519877444350936,0.00117562026006657,-0.0192102141001669,-0.0022337842749538,-0.00931789719112153,0.00342654775762163,-0.0107220159069007
"883","7/6/10",-0.000941706073860682,-0.00411058524179098,0.00438659410990372,0.00815841007001739,-0.00235998802133242,0.01056681271898,-0.022227112641532,0.00468137884046382,-0.000800330010942374,0.000803475785565277,0.00252900319818417
"884","7/7/10",0.0263901557166235,0.0301976920108704,0.020745394102256,0.0359346505538725,0.0403850924594729,0.0313693066399228,0.048615874084688,0.037682377046012,0.0362508001084174,0.0208751113903292,0.0428830584168041
"885","7/8/10",0.0123049237511477,0.00906804872475719,0.0145171260993446,0.0128426045748686,0.015916936782296,0.00917283894458754,0.0124490264366506,0.00527135493126929,0.0131424541848795,0.00924110250900156,0.00863842023432149
"886","7/9/10",0.00145153161724876,0.0117031628008812,0.00165693756365992,0.00575163729110773,0.0235012784711566,0.00669749888060656,0.0127200095123892,0.00679736575735901,0.00991991586928309,0.00292248971275866,0.0161012522762241
"887","7/12/10",-0.00670301016238228,-0.00227219292518954,0.00135337189270746,-0.00363919709457683,-0.0132772729923309,0.00142575939601097,0.00313966532501131,0.00636576281748802,-0.00736688042598288,-0.00330243398996222,-0.00033701923007623
"888","7/13/10",0.0171439002008007,0.0273290391672898,0.00931083508910113,0.0126531705333639,0.02422036886331,0.00537791715778657,0.0246246524645255,0.0168679050866247,0.0226450358783314,0.00993961684601641,0.0263068564218201
"889","7/14/10",0.00286874868580766,-0.00503810226601042,0.00148782360998823,-0.00283398953810832,-0.00154561098535944,-0.000157395885712508,-0.0059062137257011,0.00772859617278643,0.000930607245053672,0.000385823513886718,-0.0078868738015504
"890","7/15/10",-0.00464858465119644,0.00263294313927975,0.00163429016423478,0.00103358028355194,-0.000154778118774068,0.0050353003749064,-0.00327799324562339,-0.000748355318964777,-0.00353239216536283,0.00270069195720568,-0.00198748127541193
"891","7/16/10",-0.0179628961507518,-0.0365656396712236,-0.0134975847467373,-0.0280037985382869,-0.0309644382680971,-0.0181617307088076,-0.0324769638719006,-0.0301383368827343,-0.032649547247804,-0.0230859744868637,-0.0421507244055283
"892","7/19/10",0.00603622925425817,0.00796823102064348,0.000601464758233972,0.00770034287311594,0.00223680566147078,0.0140328547974611,0.0123222886910677,0.0111946907708549,0.00520749993371417,0.00315115262888011,0.00103933109166143
"893","7/20/10",0.00963610210090438,0.0168504134184944,0.0136739623848543,0.020817334026501,0.0294915803154547,0.0100646074908701,0.018677572870887,0.0076349386273098,0.0174597777066796,-0.00196333981437535,0.0114229918495345
"894","7/21/10",-0.00666288952932048,-0.0177988270929276,-0.00993187433259746,-0.0136810859391732,-0.00541968908170709,-0.0147906420744929,-0.0208072584672895,-0.0153436865352016,-0.00358301740672251,-0.0161289015099009,-0.0181381377963932
"895","7/22/10",0.0208485166782926,0.0316600152572968,0.00958245350765652,0.0226379797813956,0.0260002872926965,0.0188050571578486,0.0374499051946695,0.0280876398949075,0.0308481959096849,0.00839659888138478,0.0299753274972154
"896","7/23/10",0.0177588291248014,0.0153444140592114,0.0126052942008663,0.00460653466085859,0.0221546557403975,0.00248175468802136,0.0127760180082943,0.00916907137850065,0.0207450654833221,0.00178437491165884,0.00879877490001491
"897","7/26/10",0.0132612541967485,0.0157090443347718,0.00468685764796861,0.0110813596298127,0.00608672167973734,0.00835544688131917,0.0250298902368837,0.00760256805529269,0.0178059302819744,0.0168215963681284,0.018114710056875
"898","7/27/10",-0.000861108861169635,-0.0117465160547491,0.00524784107190546,-0.00478721597473797,-0.00767310080088646,0.0150377662195837,-0.000194847997255887,0.000736154806189049,-0.00812884776050649,-0.00136233546065923,0.000988462640271637
"899","7/28/10",0,-0.00812184220260459,-0.00667051202094049,-0.00265814503190576,-0.00758336179706709,-0.00755907367136077,-0.00195412463370093,-0.0114011617714833,-0.00587894675366174,-0.0153965483955106,-0.00855854249941013
"900","7/29/10",-0.00310233659687653,-0.00499315889638374,-0.0118248975776012,0.00101566456828328,0.00179772808030298,-0.0147752923639131,-0.00841819163382929,-0.0100448239810891,-0.000896020327605274,-0.00178148131250166,0.00132843517220982
"901","7/30/10",0.0015559146623465,0.00722601112091636,0.00354574866467994,-0.00228277062781057,0.00523489104088815,-0.00602945730238702,0.00592324062259353,-0.00375786096893294,0.00304901205681563,0.00594877074267597,0.000662863868812202
"902","8/2/10",0.0172622090458865,0.0211240920989213,0.0103044684627982,0.0340581460136213,0.025293865312207,0.0178878519792895,0.0335618749980937,0.0194263481632164,0.0187769966287106,0.0169526395260755,0.0231943110957487
"903","8/3/10",-0.00661798156448734,-0.015222639689556,-0.00699380158547669,0.00172055730607013,-0.0158176035828351,-0.00259794564874649,-0.00968483899356876,-0.00499529246578223,-0.00667012872790729,0.00678401508589643,-0.00971516676308837
"904","8/4/10",0.00290410902620786,0.0148632810811105,0.00366829113984868,0.00858769345169641,0.00943652560700681,0.00352378392188557,0.00709495222284917,0.0085535531914307,0.00777507021910528,0.0130921780365296,0.00359692253585231
"905","8/5/10",0.0020439777264103,0,-0.00497080872542843,0.000364954728092393,0.00219106563875249,0.000152983188787426,-0.0125661752689766,-0.00534682414502485,-0.00122743536600378,-0.00285058317747822,-0.0058646092305622
"906","8/6/10",-0.0084991865387819,-0.00507720847654569,0.00279144596067615,-0.0108220581561295,-0.00306059704328432,0.000762972557021513,-0.00462830520081581,-0.002594891034709,-0.00789997684992239,0.00400214679609268,-0.00688326307346077
"907","8/9/10",0.00942912928249018,0.00981350692731242,0.00571434779122604,0.0049168954503207,0.0052631903239555,0.00396593816259694,0.0114297106078916,0.00594679237052564,0.00884795706549868,0.00341685180239382,0.0066005997865779
"908","8/10/10",-0.00458552447845417,-0.011272914079863,0.00145690062924064,-0.00954113392386413,-0.0110530287182053,0.00364632989947755,-0.00976823102654456,-0.013855364953592,-0.00964760685537447,-0.000567489319566405,-0.0104917626049036
"909","8/11/10",-0.0218392026034538,-0.0279143574427299,-0.0180387424910511,-0.0298872996097844,-0.0329410762121181,-0.0202846573564893,-0.0249515272334081,-0.0269765454631538,-0.0377256399223675,-0.0259322575930802,-0.0337970818288197
"910","8/12/10",0.00732572848641211,-0.00222442861671368,-0.00222240717087985,-0.00534710419150874,0.0044098054035584,-0.002626679559526,-0.0124972346995806,-0.0167500742976984,-0.00791457052825251,0.00349785754589171,-0.00720168941519583
"911","8/13/10",-0.00519458907730397,-0.0117552435729118,-0.000148495451609665,-0.00230373079254764,-0.00529901597938165,0.00433772415743539,0,-0.00665763501141015,-0.003339640296117,-0.0040664730537272,-0.00449042258821664
"912","8/16/10",0.00295911532257875,0,0.000148517505783818,-0.000641772802170704,0.00456636632072471,-0.00092545582128134,-0.000803443767399492,0.00413993021241188,0.000186186359673934,-0.00330555610186689,-0.000694054977989134
"913","8/17/10",0.0133632784186788,0.0153813691135587,0.00935435660359385,0.0178435006878115,0.0254545019822778,0.0103443192298907,0.0229188669284537,0.0129560273087133,0.0189838089028675,0.0130708675937556,0.00937482719561711
"914","8/18/10",0.0049666576234122,0.0103012481005627,0.00117664023933561,-0.00983727330322604,0.00339831601170504,-0.0039731062075925,0.000982641393754591,0.00426375292568459,0.00219166886262401,-0.00038551180000046,0.00240824089092451
"915","8/19/10",-0.0173822610679748,-0.0187924847417515,-0.0117542327947481,-0.0161763521578215,-0.0225298264016784,-0.016416229019528,-0.0255252473136507,-0.0125433814540071,-0.0220519408190352,-0.0175303095684067,-0.0229925994973628
"916","8/20/10",-0.00693736772785813,-0.0022411975661264,-0.00089210881269175,-0.0126876806623154,-0.00346501377726494,0.00327568504026865,-0.00322363285385086,-0.000781759833531237,-0.00428622222311537,-0.00294106434850283,-0.00245849329404935
"917","8/23/10",-0.00523913405799314,-0.00898515690714496,0.00148826897926591,0.000918174035845487,-0.0108842234968221,0.0027985507450714,-0.00525558605414433,-0.00977898346958794,-0.0131013913989104,0.00117966239931855,-0.00704252209052181
"918","8/24/10",-0.00316025680485188,-0.0177212321143919,-0.00460655401984278,-0.0142801464462641,-0.0217025221541957,0.00201527264011903,-0.00406459028973927,-0.0159982846661232,-0.0193440066014845,-0.0202315099927679,-0.0159573648219605
"919","8/25/10",0.00880587945374578,0.0111181422246325,0.00238862046736932,-0.00212692624506361,0.00343697158037304,0.00123794215499351,0.0159150373398724,0.00662371246971039,0.0015472072856364,0.0108259666924493,0.00576580698894014
"920","8/26/10",-0.00331709672190084,-0.00663895562776839,-0.00729710684583984,-0.00879048341097122,0,-0.00432699919118285,-0.0060250069961163,-0.0097706796243695,-0.00482721409098441,-0.00833025736137716,-0.00931587793921296
"921","8/27/10",0.0112101227141048,0.0171263192287636,0.00765069812260433,0.0276804472539636,0.0286468957643864,0.0178489201277658,0.016569028549225,0.0140958619552067,0.0232828378392915,0.0112003112907491,0.0224236061505676
"922","8/30/10",-0.0143769050703513,-0.0190966325375712,-0.00803925211749079,-0.0139901756183729,-0.0154380691430002,-0.0132663270367748,-0.00775205199751117,-0.0131056844823121,-0.0172542794195658,-0.0118671309266983,-0.0201631100922337
"923","8/31/10",0.00755722004376236,0.000209165650579157,0.00105056863955166,-0.00304996991511297,0.0050730980635576,0.00370896150443589,0.00761203967414636,-0.00704226997699786,-0.00270116241971996,-0.00540441837046146,0.00685915658775449
"924","9/1/10",0.0218034725748657,0.0362076286589892,0.0179910731902027,0.0373767817798811,0.0313548846244067,0.0226326340973371,0.0326045715803664,0.0285711109551205,0.0390790991845611,0.0243511482003074,0.0383649965841195
"925","9/2/10",0.00324339270706653,0.0197942607812251,0.00574350551846492,0.00859087415453952,0.012160806978875,-0.00225835698015098,0.0127069059937646,0.0102445992474993,0.0139638057808513,0.00707259096136448,0.0086329496721973
"926","9/3/10",0.0103795942578673,0.0146562157215344,0.00644318370222519,0.00978912836513279,0.0118679348018105,0.00618697857897943,0.0146385437897028,0.01657573283948,0.0146897210431465,0.00975408129567357,0.020198385700136
"927","9/7/10",-0.00707326947098996,-0.0158112130450102,-0.00451049185658969,-0.0147298996506975,-0.00897716367675228,-0.00614893524831461,-0.0153641711840647,-0.0095913097984387,-0.0108576549759219,-0.00714833701404072,-0.0218120200899672
"928","9/8/10",0.00627536518362826,0.00714037947187895,0.00394640086861919,0.00753870623449271,0.00613655378212852,-0.00316867153334155,0.00209298541817637,0.00406727017828357,0.0100620654815917,0.00564324063940114,0.00994858466561621
"929","9/9/10",0.00893318282573796,0.000590678272148315,0.00363952645245336,0.00215617695071901,-0.00203301307633719,0.00756861139895593,-0.0115835297497741,0.0017359542032227,0.0010869059201315,0.0106423904663784,0.00917102592204722
"930","9/10/10",0.00133639150987475,0.00826600845686065,0.00493187277395446,0.011389402106164,0.00538397091170917,-0.00420689650523509,0.00537973337390141,-0.000385106185986195,0.0068752669995793,0.00823267928740679,0.00168313957195165
"931","9/13/10",0.00667330727027937,0.0126878465096223,0.00216508993659459,0.00663134511288632,0.0170793021954967,0.00528106221052549,0.0164339919540728,0.0217685759874489,0.0123988733542897,0.00360795172406925,0.0218414140745822
"932","9/14/10",-0.002651477194477,0.00269856677671165,0.00014399256305242,-0.00174000449220835,-0.000569378440037349,-0.00195123689172461,-0.00376031940829435,0.00490202518391381,-0.00230749052396573,0.00416288040200619,-0.0088788059815269
"933","9/15/10",0.00830837181078481,0.00230691239258496,0.00806439184908769,-0.0011203074117534,-0.00071166395468103,-0.00481193001257307,0.00868090317532189,0.00487794654149099,0.00124534130758769,0.00791429428396717,0.00431320882128738
"934","9/16/10",-0.0042847610588822,-0.000958929270705622,-0.00114290111821891,-0.00461260656969353,0.00455953762400774,-0.00559077379848749,-0.00523839724804098,0.00653482541859063,-0.00319824586688988,-0.00205657799542003,-0.00396437889082601
"935","9/17/10",0.00860639847882383,0.00307136791233265,-0.00114404735360607,-0.00338145441591342,-0.000141875981575001,-0.00167164429488598,0.00300911373648716,0.00408072531364612,0.00855617310422141,0.000561939687050872,-0.00364845823737381
"936","9/20/10",0.018706986091642,0.01971324232437,0.0108819399767686,0.017592507721246,0.00766055568991009,0.0138508851198329,0.0243762178217428,0.0158879869884074,0.016083400531945,0.0132933162009663,0.0209721669792275
"937","9/21/10",0.00306053379795634,-0.00431696747266352,-0.001558131388121,-0.00111126613295787,-0.00520882690631974,-0.00465377415254198,-0.0146436346547673,-0.00218237930352494,0.00156571052764098,0.000554424940908183,-0.00945545720324314
"938","9/22/10",-0.00562081417944882,-0.0067861541900569,0.000993058008750936,-0.00630494071786059,0.00169804649080896,0.00573146326777341,-0.0135612738742839,-0.00492086131098324,-0.00642608487010154,-0.000184642659846079,-0.0164583175990657
"939","9/23/10",-0.00500645868669736,-0.00493425444140205,-0.00651927219426907,-0.00684254837517262,-0.0100309282061531,-0.0103478724082123,-0.0246703669970751,-0.000549340168882306,-0.0159061259649799,-0.00387861258622091,-0.0184069323133474
"940","9/24/10",0.0163934671559705,0.0263206330097621,0.0128389965808229,0.0211698900293209,0.02468959656443,0.0164641717972445,0.0282885447364576,0.0218066321440833,0.0289519477717537,0.0133503843312024,0.0269659844047241
"941","9/27/10",0.00574894869626696,-0.00446019847012746,-0.00408461281804795,-0.00318935584307001,-0.00431785592191225,0.00195673506445715,-0.0123151147258024,-0.000896606054198501,-0.00621444355019052,-0.00622129094325186,-0.00999663130589246
"942","9/28/10",0.00381077430870502,0.00914688131923636,0.00763692043844189,0.00836846292644045,0.00293775227977644,0.00285442814969716,0.00402817786487097,0.00197459732763372,0.00712177643867395,0.00828551227746632,0.00370259743363044
"943","9/29/10",-0.00521981440363994,-0.00480937589697072,-0.00407035132612643,0.00915284933988736,-0.00767082845548483,-0.00419451442350993,-0.00783341187937392,0.000895701589418652,-0.00103489797582113,-0.00255643128755167,-0.00603641641639252
"944","9/30/10",-0.00206705325629297,-0.0014870300627563,-0.00394581602171806,0.000483836175108943,-0.0035138736613215,-0.000601668006598888,0.00288845684962835,-0.00483262643476956,-0.00224446360921571,-0.00164775608686873,-0.000674684208589182
"945","10/1/10",0.0065327974510867,0.00186155576783542,0.00240536339753894,0.0124499945670027,0.011142319010881,0.00647284351316624,0.00499238156425386,0,0.00121121203136343,0.000366670017794224,0.00776496557370687
"946","10/4/10",-0.00300787238613398,-0.00427342417561882,-0.00409338435222395,-0.0125356745422897,-0.0139487082843484,-0.00403848079476588,0.00917105675456931,-0.0115107593090306,-0.0120982171857531,-0.00971578902516101,-0.00536001668006469
"947","10/5/10",0.0165133058318079,0.0210857981300927,0.0103458946759605,0.0232132385768333,0.0274439161871984,0.0105123109384624,0.0159028420416489,0.0212881370503857,0.0267671413020005,0.0172158599063401,0.0212190902149683
"948","10/6/10",-0.00468609034703038,-0.00639614060510219,0.00294579492380809,0.00661735698219124,0.00688402953448874,-0.00341795753309782,-0.00540460148706978,-0.0076607393233078,0.00613375081830014,-0.00272981613911083,-0.000989426745562239
"949","10/7/10",-0.00878841000042485,0.00275889933516082,-0.00307715954260812,-0.00410840695895676,-0.00724754659595517,0.00149108666102915,0.00281102558497937,0.00251346293042309,-0.000507963614300166,0.000182702555365122,-0.0033013425803583
"950","10/8/10",-0.00142509187357442,0.0119219735149947,0.00280595323631849,0.0141440846231311,0.019284128638303,0.00312698081565466,0.00280251224176764,0.00662606342066629,0.00931896793150999,0.00383119967953527,0.00198741355697529
"951","10/11/10",-0.000951169929479301,0.00290022851878935,0.00083937089498054,0.00139495073924722,0.00013516561428184,0.000593490326121549,-0.000186398010617261,0.00106752606069582,-0.00235019734799202,0.000908594338844493,0
"952","10/12/10",0.0015870470057251,0.00307271245368668,0.00307522902972712,0.000812130889829898,0.00189149664346333,-0.00326335929972998,0.00708191702804695,0.00728611749877239,0.000673092151740828,0.00254245541700793,0.0102480342767546
"953","10/13/10",0.0047534909699849,0.00270264580313229,0.00766435387341624,0.0112491099094389,0.0172620839649846,0.00372088495052747,0.0103623465300209,0.00970386807670987,0.0142928433619096,0.0074260984502339,0.0029449298391111
"954","10/14/10",-0.00157695156105842,-0.00431258599760465,0.00138309634883038,-0.000458473541396276,-0.00874957253962827,-0.00237261509575148,-0.00256395916805419,0.000174653290895499,-0.00480772743092173,-0.00269676871336133,-0.0153344440309064
"955","10/15/10",-0.00394872174675631,0.00577500640323358,0.00248582300547939,0.00240930032036601,0.00320971899382028,0.00386416856202243,-0.00128539173131581,0.0176449597672914,-0.00732952302887191,0.0030647231411316,-0.0142478305632029
"956","10/18/10",0.00555007973229538,-0.000717725855117424,0.00179098581956771,0.00640950426707554,0.00253276928686663,0.00784751470148026,0.0128699413194064,0.00291836830447889,0.00218140531341504,0.00844720365374263,0.020840381294255
"957","10/19/10",-0.0148239094288272,-0.0158015723363025,-0.0103134930779138,-0.0250197756657154,-0.0219413523345985,-0.00631697356395822,-0.0123431210996847,-0.0157479975064749,-0.0155725617797595,-0.0174657652282937,-0.0118538835556664
"958","10/20/10",0.0140866589994826,0.0120415608629647,0.00722506479681373,0.013530581617089,0.0205303784329554,0.00783535256628021,0.0218707226886115,0.00713041245579094,0.0158189026180673,0.00616726893387343,0.0109963575206411
"959","10/21/10",-0.0037885166083691,0.00468704359155292,0.00303487526174973,-0.00310736893522667,-0.0013321056180734,-0.00557416608882888,-0.00107910890946439,0.00120879036925126,0.00686559958551847,0.00270406094030418,-0.00230716636447825
"960","10/22/10",-0.000792192033362005,0.00610087155826866,0.0031633794324053,0.00577246671721054,-0.00546960343258751,-0.00516284302340841,0.000540086439780207,0.00741632262086944,0.000665100374742877,0.00107855559634196,0.00099106098484425
"961","10/25/10",0.00459875918304031,0.00588551315569497,0.00205619169129934,0.00149206711648997,0.0181086730775637,-0.00207579861522911,0.0017994858611825,0.0047936769993242,0.00365635114294127,0.00520860852776472,-0.00363034450355004
"962","10/26/10",0.00157836050847471,0.00549657643878376,-0.0045147375850294,0.00160460481754754,-0.00223980532227419,-0.000743464687498196,-0.0071852171659601,0.00085197631442524,-0.00281505525029402,-0.0028585432113668,0.00132494237131686
"963","10/27/10",-0.00614636673500524,-0.00581926995878779,-0.00357327483333858,-0.00354750317450914,-0.00726251093744978,-0.00327120370248934,-0.00705603715675251,0.00612884575943728,-0.00614427389732219,-0.00322546880126373,0.000661594610925853
"964","10/28/10",0.00650148504114934,0.00354759547817363,0.00193082719808646,-0.00195197134004765,-0.00266034017686989,0.00283449368815814,-0.00619543243785259,-0.000507886435036076,-0.00267318135781602,0.00359522321885009,-0.00198347157866996
"965","10/29/10",0,0.000883758664716572,0.00302867749971325,0.000460116540871747,0.00893562313286944,0.00148777816240453,0.000183346942078888,0.00152370329011497,0.00217806493750761,-0.0044776742619419,0
"966","11/1/10",-0.00063003279113738,-0.0019426952945143,-0.00123518338674888,0.00287522280822894,-0.000264624968967508,-0.00757565256671222,0.00861590792940903,0.00118326840158089,-0.000836021735585613,-0.000899521720975516,-0.00132494237131675
"967","11/2/10",0.0105627884226125,0.0130927359617521,0.00412257671560967,0.0116971904491416,0.0100489435645217,0.011974216146287,0.00690665851435646,0.00945475404519214,0.00987111853381806,0.00810355994559986,0.00398010051776865
"968","11/3/10",0.00436819671783928,0.00349275985042485,0.00246331840330893,0.00215374502382892,-0.00222543878072401,-0.00177488759599542,0,0.00585376102994606,0.00248496765342154,0.00178594396797083,0.00825910213330228
"969","11/4/10",0.0124263231193118,0.0167073677416973,0.0121500661856015,0.0307657674077952,0.0324064414075487,0.0111126566748763,0.0231047089043368,0.0159626904867112,0.021814803324774,0.00534984767838642,0.0327654048189705
"970","11/5/10",-0.00398918850945285,0.00581985512433225,-0.00323700686066297,0.00417006278884591,0.00317699484536571,0.000879319960466418,0.0107619205836882,0.000982161484791577,0.00630766041894937,-0.00337013859896462,0.0190355358532059
"971","11/8/10",-0.00246448154860046,-0.000170178961780953,-0.00324753607841965,0.00710303287119451,0.00456040792092383,-0.00673526090934684,-0.00541082945268201,0.00179856723348792,-0.00369669030081365,-0.00373710840127617,-0.00653811246017588
"972","11/9/10",-0.00386024662990581,-0.0100426122782279,-0.00420867637730848,-0.0014106698803974,-0.0167717622028909,-0.00353722529077583,-0.0405405851099694,-0.00522287751844774,-0.00919503060270987,-0.00446589999052316,-0.0203698513192817
"973","11/10/10",0.00294518546811773,0.00773754040206898,-0.00149964634370869,0.0149951557258443,0.00654107107113489,-0.00384655291305414,0.0124383331339759,0.00344553492833022,0.000651207738760595,0.00287109918773387,0.0124761065551122
"974","11/11/10",-0.00309118487317361,-0.000341516738790792,-0.00095570230570341,0.0101701331725146,0.00777251164878234,0.000593974790114249,-0.00794953932516496,-0.0158601717917174,-0.00439303475253383,0.00178896270006335,-0.00884672621857019
"975","11/12/10",-0.00930226834514658,-0.0119473229263007,-0.00341673994943104,-0.0156845865711301,-0.0230119265250762,-0.0078659087300631,-0.00928781559497238,-0.0141218782182192,-0.0135643422942059,-0.0116092355165018,-0.0153014727098881
"976","11/15/10",-0.00093914950665841,-0.00207277960228358,-0.000137049389272614,-0.00430682266844784,-0.0072473400865779,0.00373981051242689,-0.0095586806336041,-0.0040444033485959,0.00430738859003754,-0.000180692859642839,0.00226616399056923
"977","11/16/10",-0.0172304028029462,-0.0138481673313537,-0.0105609772276007,-0.0192471131644639,-0.0212488364703832,-0.0126674461075469,-0.0343357967323183,-0.0170898039898599,-0.0156713894427462,-0.0144585570642931,-0.0180877093388271
"978","11/17/10",0.00286885881349486,0.00877659568168165,-0.000138652931383487,0.00441001240388905,0.000266394853018603,-0.000453039075138495,0.00768781045151146,0.000172067646099894,0.000670365336537859,0.00201712475016746,-0.00460506962445228
"979","11/18/10",0.0155754655740288,0.0100922282087983,0.0130320696194415,0.0211851826527076,0.0201065859996719,0.00634259535274206,0.00896439985454522,0.0179001996208614,0.0182550509143218,0.0128110844140972,0.0128880868317562
"980","11/19/10",0.00187785987502931,0.00620170311508073,0.00246331840330893,0.00816980619718977,0.00665737852733184,-0.00285146588696439,0.00529313662885222,0.00338189946541334,0.0047697134788891,-0.000180692859642839,0
"981","11/22/10",-0.00109351291844284,0.00513592128126983,-0.000682536607602313,-0.00234585078036686,0.00479748017753701,0.00240802532723494,0.00263223487629372,0.00657235348364482,-0.00229172135182365,0.00216891251665619,-0.0117455940221375
"982","11/23/10",-0.010633298854492,-0.0124340844919506,-0.0101093563685957,-0.0199849608442961,-0.0160022008470727,-0.00885737175363199,-0.0078767682242783,-0.0137285299079699,-0.0124692614226826,-0.0122632735444926,-0.0145262120460156
"983","11/24/10",0.00979918560819448,0.0203519859989507,0.00786651463557786,0.0178841968977737,0.0179674247243427,0.0059069669230043,0.0192817284698317,0.0178236902709517,0.0222628711955148,0.00912889591825516,0.0160805653463729
"984","11/26/10",-0.00219107890416814,-0.00354968963858149,-0.00520329586391588,-0.0100705958298369,-0.00979137198490609,-0.00481828222582714,-0.00204011156345008,-0.00350229544954306,-0.00601353599890109,-0.00796067948735635,-0.00956166713142503
"985","11/29/10",-0.00784327074484659,-0.00559797652163485,-0.00233987944808189,0.00497850398411437,0.00156143022615796,-0.00363141668688105,-0.000557634137649865,-0.00652703297818058,-0.000490362411529777,-0.00145915484535408,0.00499340286615513
"986","11/30/10",-0.00363606010976014,-0.00221755241860322,-0.00427700411319432,-0.00301532980532382,-0.000649557024910097,-0.00227801481368062,-0.00446214336371586,-0.0128033556659563,-0.00392607008546142,-0.00821917688250484,-0.00828094860951212
"987","12/1/10",0.0126941471234532,0.0193194120697557,0.0151029552654536,0.0273278671619999,0.0270376291482164,0.0114153422508094,0.00578959568155679,0.0225255251208261,0.0256200512585421,0.0187843005575552,0.0203740286580865
"988","12/2/10",0.0090879909656929,0.0119089255478584,0.00136497248298428,0.0145093638562241,0.0134161100336512,0.00346169218435244,0.0154132881903633,0.0130172519326781,0.0150519649809107,0.00759231943324923,0.0242226335678903
"989","12/3/10",0.00465852308687875,0.00348062508578062,0.00122700418864174,0.00580379629349514,0.00949153243905232,0.00329908502147092,-0.000182851675764706,0.00395415272497845,0.00378607815340493,0.00125610093440431,0.00319609933697573
"990","12/6/10",0.00185472331557479,0.00132149569215922,-0.00190631512446271,0.00360624992569458,0.00148451757926105,-0.00343764177794159,0.00201220150776327,0.00147681965051483,0.000314433140556902,-0.00555479562781558,-0.000955775049091945
"991","12/7/10",0.00231408633860153,-0.00032993327370856,0.00409239881964329,-0.00236141633554121,-0.000494036661566888,-0.00539997859954855,0.00219039480448324,0.000327684097668923,0.00392775175828164,0.000720955158518555,0.000956689428977864
"992","12/8/10",-0.000153923102741094,-0.000825133250000998,0.00326033006095372,-0.00473402430258141,-0.00815708429640194,-0.0033177173881811,-0.0147540535941866,0.0080263461500556,-0.00203454651807455,0.00126023328025937,0.0140171293916849
"993","12/9/10",0.00939028160847744,0.000991111311695825,0.00324997267963356,0.0019645825664929,0.00361358221008068,0.00363149818278385,-0.00887413138168935,0.000487335846091952,0.00219531763957548,0.00233756077396263,0.0103675984630973
"994","12/10/10",0.00625283544978306,0.00478471909041622,0.00148441383255071,0.00433472552222325,0.00918786910322522,0.00467354509693618,0.00652878105567334,0.00633436389584152,0.0107966120972038,0.01112315687787,0.00932817596632285
"995","12/13/10",0,-0.00623994634839398,-0.000134600672807239,0.00698709636507955,0.00344484942739132,0.00390142104519264,0.00166788518422312,-0.00387352685181275,-0.000773889277663975,0.000887052611120431,-0.00123214053269571
"996","12/14/10",0.0125797100944438,-0.0014870694196516,0.00417854297182019,-0.00397952817449143,0.00183936125630835,0.0023918475267044,-0.00980563875925045,-0.00113397403816273,0.00356290922744673,0.0113457162246968,-0.00709462496327973
"997","12/15/10",-0.00419109030949683,-0.00380591100703176,0.000671017209415758,-0.0065567605425354,-0.00636408687856749,-0.00760518450791881,-0.00952921749235891,-0.00470436117954309,-0.00447674119452945,-0.00122701758365007,-0.00838738945838846
"998","12/16/10",0.00150307893479162,0.00863760786852241,0.0085849536745195,0.0066000353941873,0.00886836322379336,0.00856503541701237,0.001697455719601,0.00325954291628761,0.0102341055762321,0.00789742604606869,0.00187969952682976
"999","12/17/10",-0.00615330042299866,0.00197645079509656,0.00239411473240492,-0.000307287306372639,0.00708047759848895,0.00297968807212379,0.008286812367166,0.00357361811792667,-0.00230219457833758,0.00226370051581704,0.0046903397168252
"1000","12/20/10",0.00800379053320754,0.00575274104360379,-0.00079618214739352,0.00758341965839482,0.00278845464965283,0.00401050546494064,0.0119534202714415,-0.00113287301810783,0.00061553952594795,0.000347348407549575,0.00342364771752091
"1001","12/21/10",0.00434437515840891,0.00506615333096483,-0.00185916645055284,0.0108826960591166,0.0110008295278508,-0.000147720342421942,0.010520424000755,0.00599584843515499,0.00830243728798208,-0.00104192131789937,0.0155087611102778
"1002","12/22/10",0.0016118536821621,0.00114955276224293,0.00376709892810778,0.00373975123506964,-0.000317529028300623,0.00533926044754307,0.00767100928692988,3.2354926992495e-05,0.00264173999591022,0.00245823685692459,0.0116061288733356
"1003","12/23/10",0.00137977490302554,-0.00328047990893054,0.000136239145490213,0.00203006937145145,0.00195601807810841,0.000297264447653545,-0.00453133242533377,-0.0014581337939843,-0.00277341749284821,0,-0.00694414474870664
"1004","12/27/10",0.00397972926259382,-0.0021392099418196,-0.00353525173170455,-0.00354561467444126,-0.000610135609274809,-0.000297176107762032,0.0124254776733139,0.00243361712389478,0.00154511234733623,-0.00246994853382942,0.00856265803877365
"1005","12/28/10",-0.00121974356347909,-0.00346294908373468,0.0016375768873762,0.00365988782284687,0.00219748305960521,0.00223157425674425,0.00399966109993999,-0.00113292375169693,0.000925315960448314,0.000177003505316353,0.000606385049084279
"1006","12/29/10",0.00183168128071909,0.00314410837642942,0.000136297154913922,0.00891426805561824,0.00584718201934176,-0.000890737087708593,0.00199211688179157,0.00129646764153413,-0.000616217878923075,0.000883967906001981,-0.00181791011490373
"1007","12/30/10",0.000152357732950303,0.00032983735133274,0,0.00180715532532028,0.000363274795228463,-0.00207992940269874,0.00271117267015097,-0.000971047252555257,-0.000154287726020663,-0.00318032646342115,-0.00333959549153184
"1008","12/31/10",-0.000152334523607522,-0.00280319806803098,-0.000408685856804758,-0.0011025083452606,0,-0.00133978658616407,-0.00198267981140654,-0.0034019866695818,-0.000154168785520881,-0.00301291419141692,0.00152299648366716
"1009","1/3/11",0.0152369601898461,0.011906580902374,0.00163502860137976,0.00933072388423928,0.0078691167556888,0.00626098362213323,0.0186019607702077,0.0113785464745166,0.00848501654348732,0.0106666838504552,0.0218976846035743
"1010","1/4/11",0.00390208255906033,-0.0067004717370438,-0.00421713561958392,-0.00755466788269987,-0.00732714048976912,0.00325920713086902,-0.0191488840760774,0.00128562862796944,-0.00397729357059073,0.00228672143712316,-0.0050593748125789
"1011","1/5/11",0.0115117050959499,0.00839108430939861,0.00122935846387007,0.00340552978286501,0.00169408737324339,-0.00442984228574828,0.00361568484835062,0.00706284925898859,0.00660415961210803,0.00280796132416583,0.0110677141753497
"1012","1/6/11",-0.0168492171699074,-0.00620020004877042,-0.00368386397674692,-0.00798576254394412,-0.00410713688817532,-0.000296679028622071,-0.00936616260374845,0.0086066721891076,-0.00198362972875765,0.00297524363117696,-0.00532530967695366
"1013","1/7/11",-0.00646406079159911,-0.00180578826716626,-0.00424535111296542,0.00623879416891371,-0.00218345504192941,0.00534143176296364,0.00036342304714565,-0.00237037048364153,0.00122305069619055,-0.00104702743368124,-0.0083283439525994
"1014","1/10/11",-0.0031775766989468,0.00065795974600702,0,-0.00209990875681343,0.00158022273532965,-0.0036896629059685,-0.000181988452472082,0.00316816008261478,0.0015270164932053,-0.00157190304844168,-0.00239970233952447
"1015","1/11/11",-0.00910736510438426,-0.001972581358891,-0.000137609333878186,0.0152318548967478,0.00825346991519726,0.000740649599743959,-0.00218143867223231,0.00173693377779349,0.00320161784965189,0.00559819789967642,0.00451020328401586
"1016","1/12/11",0.0045956948754371,0.00362315258969814,0.00784038820490562,0.0120423940785575,0.0109546599103703,0.00547667575189892,0.00419040339921617,0.00914229807003664,0.00866266583374631,0.00539321652862879,0.0146659628298382
"1017","1/13/11",0.00304949696989376,-0.00262551907987096,0.00313923963095042,-0.00204826951097925,-0.00750185733354414,-0.000588765966459848,0.00326558929402765,-0.000937085651600333,0.00135596901229884,-0.0041530712329847,-0.00353988436634534
"1018","1/14/11",-0.00410451503759268,0.00723931691910451,0.000271927810469474,0.0100663049486316,0.00167954426428873,0.00397692850459275,0.00669080994475379,0.00953721131043861,0.00451396183081432,0.000868822555316839,0.0159859814200463
"1019","1/18/11",-0.00824294230170264,0.000979995967600678,0.000271970304361879,0.00686988169086211,0.00718683960299948,0.00381436799746182,0.00862253001109292,0.00449139942309329,0.00509302746323614,0.00572920050760062,-0.00378795253538822
"1020","1/19/11",-0.00985060741692323,-0.0119124438421474,-0.00367139058251642,-0.0131651298936418,-0.025330003165028,-0.00306934758148447,-0.0131791190568658,-0.0103299899386045,-0.0126676965127567,-0.00949420189004568,-0.0231060803902839
"1021","1/20/11",-0.00295363814335425,0.00132127917892277,0.00395808464095215,-0.00818024041543264,-0.0150073034891874,0.00469147767200928,0.000180404822670788,-0.00919140011127262,-0.00543390983589542,-0.000174275401759516,0.00269470111968451
"1022","1/21/11",0.00249445393527692,0.000329948211134745,0.000407908098006393,0.00471276511629326,-0.00260146183653676,-0.000875426610577823,0.000721640449593997,-0.00581764969524978,0.0074365510212584,0,0.00716623007338812
"1023","1/24/11",0.0085537293047111,0.00560589239583265,0.00339711706292989,0.00322503291587539,0.0121708207399602,0.00613401711928141,0.00504882328574152,0.0143917379879062,0.0109972794084818,0.000871607137816754,-0.000296241661489449
"1024","1/25/11",0.0070929309263188,-0.000983837605719406,0.00189605476147681,-0.0042861615262404,0.00184049406033737,-0.00130639378170949,0.0116614288226089,0.0014032557171586,-0.00178808615054338,0.000348249339100271,-0.000296678315756083
"1025","1/26/11",0.015158814178561,0.00311810612150354,-0.00148680813540802,0.0240658241197027,0.0218002845226468,-0.0018895203749375,0.00159592172944301,0.00731729084264465,0.00850864495201686,0.000696373428864083,0.000296766359899836
"1026","1/27/11",-0.00452475698310395,0.00834431586082496,-0.00866414573407059,-0.00410766580988753,-0.00647241402275289,0.00320367646580944,0.0157577167377407,0.00463694899616129,0.00458867940138918,0.00330566717736391,0.00830339948903935
"1027","1/28/11",-0.0237880078334939,-0.0298554372410371,-0.0118802726559625,-0.0038371240405195,-0.0153214405434918,-0.0137899248638893,-0.0165594427197063,-0.0227693041421199,-0.0201857617708306,-0.0190742411618849,-0.0185294801905416
"1028","1/31/11",0.00201766055470598,0.00167250884409964,-0.00207295824149012,0.027251056051377,0.013967326459402,0.00161893176583305,0.0132932564876422,0.00661225448197866,0.00962404707627873,0.00229805977062125,0.00899024878349519
"1029","2/1/11",0.0156445360004609,0.0138586372625444,0.00733986708563039,0.0181851136770566,0.0273076475885397,0.0116091950220056,0.00244913691625892,0.0192365908945786,0.0162347252784818,0.016225623994065,0.0187110166771634
"1030","2/2/11",-0.00366024744646054,-0.00395248341429488,-0.00426189375805197,-0.00046045268237549,-0.00305827564180272,-0.00464848367701021,0,0.00322254802970035,-0.00322415755053407,-0.00260320398021463,-0.00641405282395979
"1031","2/3/11",0.00551042187924256,0.0117393402680273,0.00524636471269724,0.00064494861572606,0.00294965301907069,0.00364844731442915,0.00279209855084095,0.00122349050643611,0.000293920324425434,0.00226207145954915,-0.000293406395437956
"1032","2/4/11",0.00274019082182231,0.00621018799069439,0.00521916874644468,-0.00368190327907347,0.000588245240346064,-0.00581669432475984,-0.00730827405665346,0.00809642089025231,0.00352787799864318,0.00381947349927936,-0.00117397003206698
"1033","2/7/11",0.00121432210647265,0.00633435119084891,0.00177600294055891,0.0075757754286343,0.00540787028008505,0.00599684871112705,0.00981580203084675,0.00575860163499975,0.0103997728216729,0,0.0149869206030775
"1034","2/8/11",0.00667170473588796,0.0116203802895976,0.00477382240508128,-0.00330081232430968,0.0045604764207765,0,0.00433961127082472,0.00406807215220284,0.00739326487422054,0.00345910045454723,0.00579041814929782
"1035","2/9/11",-0.000150378956926933,0.00446709646618015,0.00271489520697688,-0.0124196956247663,-0.0101267682122519,-0.000290444790580713,0.00069123234516133,-0.00270115899851842,-0.0012948885255547,-0.00310239293137171,-0.00633278030063555
"1036","2/10/11",0.00602578332816739,0.0028589488990014,-0.00473832703100185,0.0101538512263784,0.00388059064115631,0.0010178886726695,0.00414484305320273,-0.00346044497249864,0.00417878592315635,0.00138305687135287,0
"1037","2/11/11",0.00808625845220967,0.00997775104746834,0.00652885063915765,0,0.00609081419860558,0.000290543433514312,0.0065361060933693,0.00452937955329991,0.00875292879070333,0.00328034200589844,0.0139048778167978
"1038","2/14/11",-0.00326797517968835,-0.00266574924085705,-0.00405380303326874,0.0226853400975793,0.0107116460827561,-0.00566430929996797,0.000170817354833153,0.00315662344178214,0.000995754062420806,0.00344183782467877,0.00114274221226007
"1039","2/15/11",0.000148942531245977,-0.000943515769903258,-0.000271505076821388,-0.0107304495900146,-0.00956113673767855,0.00248289803999335,-0.0037587250146468,-0.00494452871979745,-0.00369489230283049,-0.000343068655397349,-0.00313924782942498
"1040","2/16/11",-0.00372517544376549,0.00928554552271055,0.003257253041969,0.0133988872265234,0.0130261981970989,-0.00189418171025946,0.00222943811352083,0.00767954607753318,0.00513485480344866,0.00531842647364389,0.00629830115978347
"1041","2/17/11",-0.000747910173885202,0.00233898288132028,0.00730529795957913,0.00971396587836004,0.00872543860041985,0.00437969205140143,0.00102685728671181,0.00194269448104634,0.0031221814563005,0.00375408338962213,0
"1042","2/18/11",-0.00224496294600507,0.00295586392070102,0.00161153308363926,0.00338494846956605,-0.00933274172053189,-0.000290902486090205,0.00393136042100806,-0.000596574226989777,0.00226316669448878,0.00204012576117174,0.00199152445798934
"1043","2/22/11",-0.0189019067023557,-0.0246627197070521,-0.00724066546778868,-0.00985444122203583,-0.0334330678947693,-0.0040708757343344,-0.00868358242230449,-0.0274588120608712,-0.0297813201637274,-0.015778655427507,-0.0275412153773746
"1044","2/23/11",-0.0160552289027589,-0.0157442174376414,-0.00310627859006207,0.0180219759826494,-0.00867683269059594,-0.00452526493779104,-0.0084166845838366,-0.0144237159827483,-0.0193482843310574,-0.00999833343376577,-0.00583927586219801
"1045","2/24/11",0.00248671739604855,0.00355465865947369,-0.00365822486414746,-0.0125943163464579,-0.00455658444248785,-0.00366624008222427,-0.00762162548224676,0.00451505453878354,0.00563712836298902,0.00313418699721568,-0.00323072787319179
"1046","2/25/11",0.0168963990793691,0.0135245653712188,0.00557538002682589,0.0165014493167843,0.0180678672222652,0.00765381116550534,0.0195498838890571,0.0145690754318333,0.0118012849078328,0.00972053775365933,0.015026663328602
"1047","2/28/11",0.00777443025958013,0.0042890246920142,0.00419210997009767,0.00658109106972904,0.00792735539426181,0.0102247566632458,0.0248246608488165,0.000611132088219168,0.00481129113516876,0.00859548767233442,0.00522503580723566
"1048","3/1/11",-0.0196643245791931,-0.0181905144110728,-0.00619459518824217,-0.0179582188765172,-0.020190209493643,-0.00795235008385964,-0.0297364216107316,-0.0180152451488858,-0.022199653896262,-0.00715853348464068,-0.0205024887051752
"1049","3/2/11",0.000771727556154511,0.00483329155752421,-0.00230334937082899,0.00505996865505565,0.00275527294589728,0.00335218597329257,-0.00912498791345306,0.00544150248066577,0.00504527660042564,0.00343335314698123,-0.00678094057744849
"1050","3/3/11",0.00755463601027007,0.0177967563820187,0.0105934841761659,0.0156332313913221,0.0204303593816098,0.0101686838350663,0.0144220748749213,0.01778232068539,0.0240658686248036,0.0195038525053481,0.0207777067894999
"1051","3/4/11",-0.00872221449863309,-0.00756111656227398,-0.00443497710702334,-0.00495684189233359,-0.00526882169072418,-0.00575236222668796,-0.00959227888836045,-0.00577304107663024,-0.0108129406646454,0,-0.0125035686707345
"1052","3/7/11",-0.00308731708880283,-0.0101587269377272,-0.00391462447492719,-0.00716660681711245,-0.0180086724943833,0.00231406079759022,-0.00726386826058323,-0.0151283302391281,-0.00961975992355302,-0.00939755269287568,-0.00618403390599642
"1053","3/8/11",0.013471256040007,0.00849911464467912,0.00894421665998291,-0.00818664580721606,0.00946921506759102,0.0105342300478835,0.0141113659921595,0.00729251738841996,0.0175130698546784,0.0084702610102243,0.0204446716430933
"1054","3/9/11",0.00565333539627599,0.00286204227412368,0.00496980636192168,-0.0071890767482623,-0.0142484345233043,0.0101384145382157,-0.0010305304397259,-0.00800990185795347,-0.00245898036632108,0.00117596289761845,-0.00087105249791497
"1055","3/10/11",-0.0091156670752065,-0.0122087739615746,-0.00534608852304708,-0.0367423903996335,-0.0238500001538072,-0.0148430629865987,-0.01530553197708,-0.0208075346795801,-0.0213135406306135,-0.0154362719138217,-0.0203427447035572
"1056","3/11/11",-0.00291311384746484,0.00497589272975274,0.000940458031321034,0.017169167437372,0.0129569378253258,0.00330023659552481,0.0101291783287771,0.00618463797279412,0.00992597174604626,0.00272680397919656,0.00593291928656448
"1057","3/14/11",-0.00984159791782513,-0.0102220077268147,-0.00765203246160606,0.00492717415654664,0.00194909397120036,-0.0112987845135817,-0.0100276069101732,-0.00504344901343756,-0.00792150042393702,-0.0054387965503766,-0.00796227652204384
"1058","3/15/11",-0.00636748575568225,-0.00887513031194898,-0.00987543980832428,-0.00844382603064542,-0.00243168140321914,-0.0173583824718059,-0.00523938504363863,-0.0139394410421483,-0.010645839475758,-0.0104235733486171,-0.0112962521759573
"1059","3/16/11",-0.0118786971784473,-0.015141681034839,-0.0139362136151238,-0.0160241307676875,-0.0187687175324573,-0.015162885837728,-0.0147472566469051,-0.025220772732695,-0.0177852747102354,-0.017268078655292,-0.0174383656777907
"1060","3/17/11",0.0156594928602212,0.00247965806113104,0.0062352289495351,0.0298713919307727,0.0147803458017584,0.00269082608603788,0.00766233094114877,0.00840452446185402,0.0132378752906348,0.0105428200500142,0.0113221864530453
"1061","3/18/11",0.00965584817615195,0,0.00702251329399761,-0.00216851087424597,0.00734418390123714,0.00432323271562396,0.0100796590670329,0.00228823395183975,0.00856008654312257,0.00660743665859287,0.0108925946359608
"1062","3/21/11",-0.00385612517204315,0.015666469729354,0.013264425665455,0.0282533358347126,0.0187119150805088,0.0141009115105384,0.0108543628988249,0.0198920957160871,0.0217388510974523,0.00742801743738553,0.00868015735767114
"1063","3/22/11",0.00712282573820966,-0.00860537014354212,-0.000539963423472067,-0.00211383074119353,-0.00274354690102852,0.000878429529927338,-0.00640804213596824,-0.00271770190926857,-0.0071408798106487,-0.000685884953319782,-0.00534159843303894
"1064","3/23/11",0.00492021249786401,0.00949879866401959,0.00324078790111137,0.00123560580606186,0.0124390391190667,-0.00087765856872335,-0.0109812312818952,0.00593142939256874,0.00308251173063434,-0.00102952394390754,-0.0035798737012277
"1065","3/24/11",0.00841482513430969,0.0120052316933548,0.00740217078932681,0.00290901143984978,0.0054339655040514,0.00409851881235967,0.0042297778518634,0.0159361488612226,0.00995014988820131,0.0111643458892685,0.00479043105672994
"1066","3/25/11",0.00622048311328927,0.00416783447984326,0.00106864878380208,0.00966766426617549,0.00622746458636891,0.00105929761456469,0.00781363371669475,0.00313727918542006,0.0044915638305647,0.0032278261988774,0.00277390371230379
"1067","3/28/11",0.0114597923194899,-0.0092592607407449,-0.000800329106686148,-0.0015668734036326,-0.004904323438358,-0.00411498930969179,-0.00122815551632405,-0.00500406827829647,-0.0018750759083046,0.000169108980363264,-0.00178465804418693
"1068","3/29/11",0.00805001563027163,0.00837913607480778,0.00480830324081394,0.0112467988793843,0.0103257846014215,0.00855826724673325,0.00403942514028444,0.00644380713962556,0.0065027776854174,0.00643301479601566,0.00238383334254899
"1069","3/30/11",0.0121265655015894,0.0131031979941054,0.00624721897912561,0.00862148074336,0.011614783536789,0.0125824973664581,0.0145181577028803,0.0035913307505111,0.00717882867125486,0.00908340093116711,0.00832345240981569
"1070","3/31/11",0.00189957549356201,-0.00410090415597475,-0.00145291322904539,-0.00222252947495205,0.00298504005897104,-0.00202268610677825,0.00810350007077831,-0.000622310742630527,0.00313624248217281,0.000833334767494254,-0.000884332962655332
"1071","4/1/11",0.000583149398293958,0.00712702298418799,0.00595323566884853,0.00428348593598615,0.00538006528689361,0.00738370700646929,0.00153926873604981,-0.00295800930628554,0.00923693485795685,0.0059961247096747,0.00885188522985891
"1072","4/4/11",0.00218629264524273,0.00220146271620347,0.00170938950505772,0.000767654114860239,0.006603764160243,0.000143968144562523,-0.000682983764231482,-0.00437223175838319,0.00154853678178002,0.00513241018533006,0
"1073","4/5/11",-0.00305411359486207,0.00533517711835696,0.00183805570556705,0.00238650697302711,0.0113108005633624,-0.00215579663818655,0.00102524695827877,0.00062735730018626,-0.00253008244955022,-0.00214127399009323,-0.000585002788894728
"1074","4/6/11",0.00248007437855757,-0.00124863606684722,0.00380029212136912,-0.0111393513496931,-0.0071579161473363,0.00691242662649838,0.000512062921443013,0.00705320246963503,0.00126825815407283,0.00198072509921188,0.0114135266714015
"1075","4/7/11",-0.00203728581794937,-0.00343814211301818,0.000652945828035323,0.00111780259341732,-0.00123930534975425,-0.00486261840810565,-0.0110903204676351,-0.000933850698999983,-0.00689755738920195,-0.00148250550511131,-0.00549743258407864
"1076","4/8/11",-0.0018956976509622,-0.00627242922395854,-0.00313140894690822,0.00377955859945511,-0.0073313599906325,-0.00215567062213529,-0.00724633361503835,-0.00560839293905702,-0.0100639247870301,-0.000495037974265533,-0.00901931819079393
"1077","4/11/11",0.0108108963143747,-0.00205156320171307,0.00471158816833439,-0.0214787197442233,-0.0142029377343248,-0.0135387398584136,0.000695163255812092,-0.00282014140915043,-0.00200442675298018,0.00280622172862066,-0.00117471231021204
"1078","4/12/11",-0.007949250170877,-0.00268809029298345,0.00234461918664564,-0.0294710284592532,-0.0145228381046831,-0.00569441850071806,-0.00173678519279952,-0.00974069909519215,-0.0081779373377876,-0.00131700986889194,-0.0038210873961253
"1079","4/13/11",0.00160255537297127,0.00396389292391652,0.000390001458373979,0.00387465057370573,-0.00245612263513761,0.00323056952461909,-0.00156558718946342,0.00761553252029024,-0.00202533091870383,0.000989096997021433,-0.00767193903035657
"1080","4/14/11",0.00247270867453309,-0.00268502791103331,0.00610543831994215,0.00682147140271705,0.0024621700266716,0.00497670886800927,0.0144624284139847,-0.00251956723411906,0.00086997370695463,0.00493985911395423,-0.00535231165103123
"1081","4/15/11",0.00507824712588834,0.00585915694832684,0.00542278202468616,0.00989590653382866,0.00631593182457935,0.0104866398314267,0.0128823038206545,-0.00252546283286126,0.0043447808115693,0.00901189090416565,0.00149463260675531
"1082","4/18/11",-0.0170347877352302,-0.00865868396355773,-0.00693468511741357,-0.0164194474028808,-0.0137145665662067,-0.0095131682603925,-0.00898781485170574,-0.00917860787613267,-0.0147081700509142,-0.0126664067152816,-0.0122386366993026
"1083","4/19/11",-0.00176222008575488,0.00301755105141055,0.0020688959343842,0.0102314133267285,0.0162619554280998,0,0.00787129626177996,0.00399294588283539,0.00848812398741794,0.00773025831894247,0.00241744346740647
"1084","4/20/11",0.00941592629078891,0.0178907962675479,0.00554915254697308,0.0216773353094037,0.0125232695358897,0.0123690547235296,0.0117147578069605,0.0246581290534573,0.0149473299520133,0.0102823500046394,0.00391932372214421
"1085","4/21/11",0.00466397113473049,0.00637738220149231,0.000385036668791416,0.00678290453171915,0.0113373535970824,0.00201237104669261,0.00671262414411267,0.00869395789439564,0.0041462068729623,0.00355400125951055,0.00540535256249752
"1086","4/25/11",-0.00333676542666372,-0.00154544685178326,-0.00346376096287848,-0.00509606763532833,-0.00396308859049477,0.00100387123609602,0.00666788840085064,0.00277079361610588,-0.00355967972468951,0.00048302287849844,-0.00029879208595518
"1087","4/26/11",0.0126640191254301,0.00263142965346042,0.00733804724458498,0.0102438560678888,0.0105729546577003,0.00902867497364146,0.00877613258831689,0.00736739907848261,0.0175765336855598,0.0114240482707342,0.00627450773845428
"1088","4/27/11",0.0117866658107362,0.0101900260236139,0.00651736075258347,-0.000601322590301434,0.00191251183829522,0.00809517998971931,0.00738666292151358,0.0048759072972604,0.00575763970350418,0.0122493295722446,0.00682882607503199
"1089","4/28/11",0.00184689656141668,0.00351517595758866,0.00698311318526912,-0.00232185841500332,0.00101066947859074,0.0083126173975101,0.0133616453101,0.000151760410761037,0.00293188165411951,0.00644361055943676,0.0076671725944224
"1090","4/29/11",-0.0072321559791142,0.000304536296762858,0.00327839221369253,0.0177541700410691,0.00515967658641769,0.00251461259110264,-0.00578880148522332,0.00348692572893539,0.00473352856965903,-0.00234237290571049,-0.00117044967953739
"1091","5/2/11",-0.0055706157510903,-0.000152187881365062,0.000628512785788793,-0.0143111297306713,-0.00770038129455819,-0.00111479616703969,0.00145562109488573,-0.00634529315376975,-0.0031868854363557,0.00907817334673,-0.0032230163031941
"1092","5/3/11",0.0114908758936247,-0.00441618915736086,0.00251201131137635,-0.0256011401835444,-0.0127076945165457,0.00502290904441738,-0.00855946174004951,-0.00516974473082354,-0.00528216235171586,-0.00418815322944011,0.00146969417309983
"1093","5/4/11",-0.00426010514177311,-0.0038235692333991,-0.000250335786502687,-0.0191326278042251,-0.0176557815945977,-0.00263747919406176,-0.00570102466689726,-0.00290382624024887,-0.0142536939515839,-0.00249203548312293,-0.00851205463058147
"1094","5/5/11",-0.00484894208804865,-0.0018425313311714,-0.00739372655760762,-0.0206741918539193,-0.00927632690859903,-0.00793446423402122,-0.000655325617473501,-0.00429167636728189,-0.00411138298103331,-0.00640235626897678,-0.0103608848226114
"1095","5/6/11",0.00386951114121015,0.00215344519198157,0.00265103737362504,0.0038550683300318,0.00737344548297303,0.00617368162712073,-0.0088526289936719,0.00431017424020741,0.00740216153385553,0.00675787237397207,0.0026920258577352
"1096","5/9/11",0.00528179752364455,0.0013814830066754,0.00365147684629608,0.0180121254059651,0.0148717763682007,0.00362617095717477,0.00512735808417175,0.00429194604340366,0.00536973514645189,0.00733684978125959,-0.000596520560851355
"1097","5/10/11",0.015194623892034,0.0139485248499871,0.00664908267245568,0.00583812458075328,0.00801368796817981,0.0136162924092251,0.0157971710179297,0.00885211651670081,0.00927596695109778,0.00650858506340746,0.00985077944423463
"1098","5/11/11",-0.0061546186562258,-0.00710513978308425,-0.00137069168896986,-0.0294669117351983,-0.0246452498649412,-0.00424925661670572,-0.0105294279516347,-0.00832059527826201,-0.0116975142433872,-0.00277158307340453,-0.0118238297002232
"1099","5/12/11",0.00731859589831263,0.00806955216766081,0.0134779502965887,-0.00174836066880912,0,0.00825977259791189,0.00163726383501128,0.00625481087359847,0.00112742886691253,0.00802860787241455,-0.00029927413454478
"1100","5/13/11",-0.00880244430107957,-0.00724967033841628,-0.000985122599575727,-0.00534549576270604,-0.0131575210499139,-0.00477873246760596,-0.0106247852748269,-0.011673692675419,-0.0128078629253503,-0.0024505689350498,-0.0137640148062141
"1101","5/16/11",-0.00916259549700449,-0.0143010117724575,-0.000985762456522488,-0.00898830979482668,-0.00507405118521576,-0.000685938533546704,0.0014869523228962,-0.0161069832051358,-0.00499022565848883,-0.00107490305627078,-0.00121395277657377
"1102","5/17/11",0.00170711946539348,-0.00123474311153926,0.00246722255245646,-0.000747687624346738,-0.00889481344187892,0.00466775769381389,-0.00033007040502453,-0.00296222872502439,-0.0127525440924586,-0.000768394778151382,0.00516448122105162
"1103","5/18/11",0.00624917014574677,0.0122082267048376,0.00295406363848594,0.021614809350204,0.0202230110614556,-0.000410152242140693,0.00973623910428056,0.0096950717089932,0.0134979897430851,0.00892170440628215,0.00483513554798654
"1104","5/19/11",0.00366993924706649,0.00320627553880581,0.00441752661422834,0.00137392812924175,-0.000117518377893089,0.00232440375432463,0.00424926576771134,0.00154877838755074,0.00673048471039706,-0.00213436966494207,0.00180444664684742
"1105","5/20/11",0.000280885968202194,-0.00928340718599363,-0.00317665550566537,-0.00073183331722948,-0.00926673916111131,-0.00027315873752809,-0.0122051686602767,-0.00618534649310465,-0.00967284905324139,-0.00733388803776602,-0.0126087282032891
"1106","5/23/11",-0.00773224279795059,-0.0105988835607954,-0.00674078041320103,-0.0152858963599394,-0.0112480238136301,-0.0124145314985076,-0.0102141916372662,-0.0163373123033262,-0.0162310575670442,-0.0107742750014345,-0.0133780423417303
"1107","5/24/11",0.0097760752238798,-0.00481307742103487,-0.000863799864824211,0.0120840035983314,0.00347242294856676,-0.0020723389184869,0.00299608607589064,-0.00521976399240498,-0.00627824400768817,-0.00404554179265515,-0.00154090978396404
"1108","5/25/11",-0.00294653528717093,0.00218413854444166,-0.00617533760108391,0.0163483920201735,0.0137232222151595,-0.000415343104690491,0.00464633418619664,0.0057242542142435,0.00910968250479338,0.00281221453567149,0.000925892911195492
"1109","5/26/11",0.00900653581277711,0.00965131781835749,0.00198850065057377,0.00641590376840262,0.00329613864255185,-0.000415241454688076,0.0133794187517362,0.00695650544253712,0.00291184442297432,0.0023367769663134,0.00524229587184655
"1110","5/27/11",0.0068341610783631,0.00416291073207264,0.0042168235471598,0.00314281755564649,0.0110289706153892,0.00166253371271785,0.00570526253365444,0.00549546644994803,0.00638812014645751,0.000621692429792375,0.00828209185771711
"1111","5/31/11",0.00567927467226492,0.0058342493954604,0.00926264397791554,0.0106516149986953,0.0111407790038962,0.00774537594462643,0.0158833294442189,0.0148343031737284,0.0100981134962155,0.0116495952437135,0.0100397272164343
"1112","6/1/11",-0.0180440424440401,-0.0221340126351706,-0.0107683769688438,-0.0235585873251496,-0.0296108443910799,-0.0105684348459621,-0.0287173809767323,-0.0221570712575301,-0.0318481803692591,-0.0142792303332284,-0.0325301556245307
"1113","6/2/11",0,-0.00296580689302561,-0.0105147104077007,-0.00235857750853463,-0.000236788809003352,-0.00416128651888903,-0.00722745928088342,0.000786783681395953,0.00339286301182051,-0.00202487169120802,0.00124537070204034
"1114","6/3/11",-0.0183754670926787,-0.0142476656271994,-0.0103762890186208,-0.00045428685638027,-0.0145508132697831,-0.00724328585020184,0.00397094205082205,-0.0147800291059702,-0.0138191837588226,-0.0106133975707376,-0.006840927898211
"1115","6/6/11",-0.01100326703377,-0.0123889200620646,-0.00581098097865484,-0.0222850550502929,-0.0126050763478419,-0.00561255740187094,-0.0146670458951534,-0.0084582670919382,-0.00894463415677682,-0.00836080516062532,-0.0172196982123624
"1116","6/7/11",-0.0014448801465673,0.00128664303099013,-0.0019060247752769,-0.00120921338583824,0.00462019466611618,0.00155201075523315,0.010536699564945,-0.00225334812073685,-0.000752059908096903,0.00302247698580094,-0.00063711024732882
"1117","6/8/11",-0.00289373505168433,-0.0097975591205357,-0.000636440728806975,0.00316680901488686,-0.0104080289711225,0.00253627815896573,-0.00281355361568236,-0.00951767034310091,-0.00797839207826567,-0.000475809179961484,-0.00860686497696783
"1118","6/9/11",0.00275695198502524,0.0087591319721585,0.00598721884289222,0.0129063013737438,0.0157759063797056,0.000421591057379267,-0.0107882826645301,0.00162861426862304,0.00713193335940909,0.0092035523982481,0.00900290391387859
"1119","6/10/11",-0.0108541155940605,-0.0183309158417101,-0.0117765937008671,-0.0187000535084465,-0.0133638482704047,-0.00519761729065915,-0.0251678596106961,-0.0144713655603949,-0.0155191757621477,-0.0177674210742473,-0.00956011293746206
"1120","6/13/11",0.00263398768378265,-0.000982724837410354,0.00448496692127143,-0.016067239667546,-0.00719918532284292,0.00268295208091129,0.00413096858925832,-0.00197995875713342,-0.000152753014574958,0.00288146864147487,0.00868717448383194
"1121","6/14/11",0.00875498000477126,0.0185272708964155,0.0109705537609714,0.0203167325084581,0.0174530041813963,0.00253502024584296,0.0149125548056148,0.0142171795668842,0.0191335558718859,0.00893840618974218,0.00637956984172394
"1122","6/15/11",-0.0127294589304812,-0.0141658132090324,-0.01375386753997,-0.0211219821947426,-0.0211404697337483,-0.0101139028942264,-0.0160448554218756,-0.0177667558054133,-0.012916888185619,-0.0128143833043637,-0.0196511543965049
"1123","6/16/11",0.00175814555191423,-0.00293931846929452,0.00754844664855137,0.00114076514985717,-0.0123410776665577,0.00794679352701699,0.00789609334486929,-0.0059742846642632,0.00182597513658944,0.00112180422115471,0.00484956238163381
"1124","6/17/11",0.00482659512188821,0.0070423432975617,0.0054607387710357,-0.00208904083758421,-0.000624718036665639,0.00675761647628037,0.00953647294221227,-0.00267119407483984,0.00425286063622687,0.00144064450163572,0.00772195808322973
"1125","6/20/11",0.00596814571319926,0.00992017375462395,0.00732473239726339,0.00199801040314806,0.00937758035972736,0.00531386907237441,0.0121459374772293,0.00368257038107833,0.00816683659732753,0.00927115429794956,0.00159657955466352
"1126","6/21/11",0.0141801865496447,0.0215780911239898,0.00137929328086273,0.0207008287051207,0.0277465367762684,0.0018084356176169,0.00783312774449763,0.020847224336807,0.01740168370273,0.00839403355096735,0.0127508902639326
"1127","6/22/11",-0.0034241301410991,-0.0083543563033881,-0.00638558336454464,-0.0032559117651314,-0.00301307672928464,-0.00652585476812073,-0.00297660269445665,-0.00686132713870902,-0.00575062565684126,-0.00581111643746257,-0.00503632578565727
"1128","6/23/11",-0.000286231658730651,0.00683503648549677,-0.00995438022543138,-0.00980035629764564,0.000846118281206287,-0.00726770907436114,-0.0202354536308992,0.0101988420385086,-0.00177953205489989,-0.000947806719973188,-0.0107558675821343
"1129","6/24/11",-0.00615793646269647,-0.0112091336124444,-0.00598182225092514,-0.0176264987712172,-0.00748866344841126,0.00147788825144923,0.000153956009360634,-0.0164466684986839,-0.0120338779321888,-0.0110690873789143,-0.00636285445994567
"1130","6/27/11",0.00590807879294108,0.0121346076401119,0.00473736963536653,0.00489342997392006,0.00267726845395222,0.0075208794389412,0.00426731179508555,0.0129138498715502,0.00796999525467967,0.00463714007063798,0.0106724895421426
"1131","6/28/11",0.00988377211555114,0.0190883212404613,0.00522497241345943,0.0278810861197127,0.0168710936132008,0.00605630072666696,0.00832931740019371,0.0137299915117668,0.0143216401842383,0.0155977546074801,0.00384039665249225
"1132","6/29/11",0.00638280444598105,0.00371493416012991,0.00469047841562231,0.0131910406603033,0.014561908624338,0.00489991969319736,0.0104513747165198,0.00693316248393616,0.00470693499697683,0.00172360784728642,0.0200825156468132
"1133","6/30/11",0.00436949025279154,0.00879093792274288,0.00845417464737208,0.0135692742879356,0.0125881803150865,0.00278615569946106,0.00266951392783232,0.0144112787111179,0.0158102754080751,0.00359841332311106,0.00343746815805512
"1134","7/1/11",0.0164186235604833,0.0184988338749825,0.00688187982013977,0.0106738990210262,0.0103406464210982,0.0127812885877039,0.017138216581565,0.0162589254132735,0.0183022137612052,0.0127824932226748,0.0161943414211434
"1135","7/5/11",-0.00262332706773627,0.00420290632960185,-0.000124035324494565,0.0060861472538738,0.00160982040154467,-0.004663696772092,0.00768854070594416,0.00217480190422537,-0.00467021259701883,-0.00215472027413377,-0.00674216357756419
"1136","7/6/11",0.00387596132995682,-0.0023915995390783,0.00596577087859473,-0.00222388415928854,0.00229618362615014,0.00261841291392062,0.00746750032788235,0.00402989982966018,0.00540301659475984,0.00447299459395079,-0.00215976439616195
"1137","7/7/11",0.00524019714010016,0.0149833479330328,0.00654816015105619,0.0133734890725719,0.0142037831667443,0.00398618614937951,0.0125683272115227,0.0140473837051054,0.0108898339398729,0.000307260814301102,0.0160791293929683
"1138","7/8/11",-0.00480114010804733,-0.00708581310982359,-0.00282355778276155,-0.00607070018599853,-0.00609866600769138,-0.00342241874703153,-0.00127310445273898,-0.00487126895746159,-0.0111922598039045,-0.00322385212997522,-0.0109555602211292
"1139","7/11/11",-0.0168159930774475,-0.0202199562810682,-0.00837018836155967,-0.0223068289006648,-0.0231819008748169,-0.0115401824202717,-0.0173677239403685,-0.0191219105990981,-0.0200903725682662,-0.015401237060633,-0.0267693558204078
"1140","7/12/11",-0.000420675686728988,-0.00364192062049751,-0.002606734173067,-0.00334990105369382,-0.00349000087656148,0.00458638537364697,0.00340525970442895,-0.010917173152851,-0.00981817845342803,0.00031283974937435,-0.00221291373766519
"1141","7/13/11",0.00140252681704789,0.0065487684707175,0.000871217839307992,0.00863026194977667,0.0089887598653553,-0.00166011136394173,-0.00985784595828065,0.00236532841647308,0.00452038055084114,0.00484756981706091,0.00126731073874553
"1142","7/14/11",-0.0138655068347562,-0.00907858576293352,-0.00522240717874944,-0.00747555245117437,-0.012032668022214,-0.00540462823953836,-0.00930275662483415,-0.00975314516730252,-0.0121932111440803,-0.00248990042022423,-0.00854421413008166
"1143","7/15/11",-0.000283955128378088,0.0010689841309437,0.00200030482582192,0.0290380258852412,0.00936866606137987,0.00195072632083448,0.011037714279549,0.0125496560011391,0.000881599628110186,-0.00452400582332413,-0.00191512685177031
"1144","7/18/11",-0.013922474941727,-0.011897478343302,-0.00636247957412872,-0.00493825380585355,-0.0106739406903139,-0.0105690320716679,-0.00700664026856379,-0.005961687570046,-0.0118925979065416,-0.00830610608484739,-0.0137513117333761
"1145","7/19/11",0.0113814494386046,0.020376715811028,0.0159444649613856,0.0180787599543815,0.0151281598548607,0.00815220458138199,0.0160811408862938,0.027146359553111,0.015155934476788,0.00963969298825851,0.0132943893566919
"1146","7/20/11",-0.00341856148188946,-0.00620268367169119,-0.00247142895220853,-0.0013056732081892,0.00288851831293702,0.0061338498788075,0.00726750519362263,-0.00460948490579216,0.00204927546685618,-0.0032867861329684,0.0102401470755489
"1147","7/21/11",0.00886208645412068,0.0120262322712703,0.00668988585604358,0.0173450179988299,0.0126711501246815,0.0145488160018927,0.00801669256938853,0.00385918962772158,0.014022876714382,0.0152323807200663,0.0209058755863054
"1148","7/22/11",-0.00340050514979662,0.00300820153020553,-0.00147700770177994,0.00548320390332613,-0.00182006945932589,-0.00532636911188178,0.00493091199648599,0.0119943938617499,-0.00792278741261154,-0.000618780763396165,-0.00124114733627945
"1149","7/25/11",-0.0136479153671404,-0.0070484156108036,-0.0102290004969269,-0.00357874227091082,-0.00341870259675747,0.00123596376029056,-0.00933859259467829,-0.00273534288170574,-0.00290401238803406,-0.0133105993934771,-0.00776641095927044
"1150","7/26/11",-0.000864586877770246,-0.00211439888095444,-0.00211698772649227,-0.00401919477189638,-0.00869082509549379,-0.00438882009377961,0.00223682640545908,0.00304727660910054,-0.0177662705994646,-0.00894103649046885,-0.000939275742680268
"1151","7/27/11",-0.011685206831255,-0.019676333486578,-0.0123529769415848,-0.0204345787019227,-0.0219172740151342,-0.0044074101602003,-0.0280566233200078,-0.030381041139644,-0.028317190053897,-0.0194681917687458,-0.0256970633267988
"1152","7/28/11",-0.0135744219148211,-0.00494066973668283,0.000883962609374844,-0.00631049935140471,-0.00330204114272681,-0.00525705852207836,0.000983927447434807,-0.000156800854628325,-0.00823925146178517,-0.00161448205949699,0.00192976018986735
"1153","7/29/11",-0.00562309256124627,-0.0038788808981699,-0.00567998593971808,-0.00952640303091923,-0.00662650209932458,-0.0100140726834967,0.000164007065717398,-0.0087746610467494,-0.00507700433501435,-0.00323344175399498,-0.0028891401714306
"1154","8/1/11",0.00625008319424802,-0.00498425804214331,-0.00292046488201558,-0.000534363147029038,-0.00345443289304548,0.00294993922488751,-0.0150720881629532,-0.00316145840159499,-0.00463899287637981,-0.0191403039987171,-0.00321997599062751
"1155","8/2/11",-0.0280982374470731,-0.0378838506342053,-0.012477299211632,-0.0287801580774806,-0.0325123472497462,-0.0155482469960123,-0.0319363966565243,-0.0222010744944454,-0.0369737194410239,-0.0234827574950536,-0.0281005389528418
"1156","8/3/11",0.0127813705702784,0.00846101055302984,0.00631741156733656,-0.00449519139584875,0.00296496991465256,-0.000142188029442658,-0.00824705116468105,0.0136231811432301,0.0085498416839398,0.00220154498685998,0.0039879812920709
"1157","8/4/11",-0.0444709814643989,-0.0506612794492772,-0.0335678483877186,-0.0719752143245258,-0.0716926973845085,-0.0331576000920139,-0.0488568147276608,-0.0468799644382708,-0.0564619806437857,-0.0449476455327897,-0.0509764156554946
"1158","8/5/11",-0.00581767576954439,-0.00475885344877203,0.0148480164310609,-0.00784495361073489,-0.004909653371172,0.00412100474486099,-0.024954517186733,-0.00906517250938543,-0.00254274673673804,0.00477703288315356,-0.0174397224225242
"1159","8/8/11",-0.0646845968762182,-0.0715506203154064,-0.041410942232102,-0.0853769136549176,-0.0764100289016271,-0.0559952868239357,-0.0868668110000314,-0.060816563682679,-0.0744392694435045,-0.0565239932900394,-0.0947816479335598
"1160","8/9/11",0.0510653928916938,0.0456134601561278,0.0248022803843135,0.0484789138441706,0.0619405210800315,0.0377329500503201,0.0910391815078953,0.0454546815888388,0.049761296623436,0.0403136755686555,0.0760783466600992
"1161","8/10/11",-0.0294401412151326,-0.0351804097408304,-0.0331115015672209,-0.0311031290746063,-0.0329030378403515,-0.0204997942494261,-0.0230641424984902,-0.0384748252741816,-0.0467026802764126,-0.038751461713333,-0.0586734662346783
"1162","8/11/11",0.0276812328201281,0.0444851008240132,0.0286067657815985,0.0505223478888375,0.0501897671697387,0.04246865242498,0.0518233918727855,0.0439620159210397,0.0455043747353021,0.0414333410618086,0.054587671275115
"1163","8/12/11",0.00161282169586285,0.0116948127896346,0.0106966622299831,0.00799823402655564,0.00923688034429349,-0.00556848288934875,-0.0001820749382484,0.00807827368099789,0.0179012269484287,0.0121865467712161,-0.0110133431474345
"1164","8/15/11",0.0265698990380632,0.0163905599977989,0.013493735566658,0.0342827491377633,0.0183049156092345,0.0349249147500283,0.0365029801492633,0.0187554450572398,0.017930915996613,0.020183817011366,0.0341501767495458
"1165","8/16/11",-0.00705885525080274,-0.00628058107733109,0.00117482987678441,-0.0192779347324664,-0.0164124532510811,-0.00327505446366494,-0.00299371486802236,-0.0118827010256042,-0.0149050236582903,-0.00295008880317682,-0.0172290572106859
"1166","8/17/11",0.0150080670867903,-0.00478308952109086,0.00651904796657643,0.00521522925490769,0,0.00699992035439245,0.00282565564004966,-0.00863848542496537,-0.00257919309025356,-0.00139266050956388,0.0047478651820545
"1167","8/18/11",-0.0315954824182407,-0.0501200793009081,-0.0196893390051175,-0.0582660810953287,-0.0580057680094767,-0.0146118286521727,-0.0445579591544771,-0.0548436578760749,-0.0587829111045419,-0.0353843861026164,-0.0472555701732272
"1168","8/19/11",-0.0115717313658017,-0.0182509912905761,-0.0083244967818753,-0.0199173032633743,-0.0161673522336814,-0.00849413434438473,-0.0191702257164595,-0.0260304706501632,-0.015934173183684,-0.00524029210939381,-0.0190764353208085
"1169","8/22/11",-0.00130084031725963,0.00202473637453604,0.0030646053470369,-0.0082155066698727,-0.00014272633549306,-0.0027587812756763,0.00112752409764072,0.00575380103872636,0.00372262656801148,0.000908278562813614,-0.0105017748142725
"1170","8/23/11",0.0350047694643352,0.0389420625398067,0.0229808212298428,0.046975835704822,0.0324419605542257,0.0203843097666807,0.024591657298864,0.0417048284860924,0.0376410965185741,0.0332123482466624,0.0326256741619677
"1171","8/24/11",0.0147871309887786,0.0175033309638428,0.00636284921435371,0.00489263285054986,0.0155042811282111,0.0216893918183259,0.0131913760112621,0.00690896418053399,0.0205504831805419,0.0117687672342579,0.0243624259613482
"1172","8/25/11",-0.0223223647440006,-0.0189400744208007,-0.0153548019601751,-0.0228947466105794,-0.0114505046760277,-0.0150837590047086,-0.0186256332141315,-0.0151300638045202,-0.0187358438207049,-0.0170137189908268,-0.00854703900638543
"1173","8/26/11",0.00586658532766204,0.0226710716904324,0.00891094195073228,0.020780489441949,0.0238551379363279,0.000141778292576777,0.0121617357680028,0.0223294680027466,0.0221272294742714,0.0135995260202766,0.0116192531341799
"1174","8/29/11",0.0233290676544393,0.034291696518963,0.0193533140726145,0.0309514894061957,0.0350167737026359,0.0214095296329606,0.0342255162827363,0.0311024064190901,0.035788955870343,0.0284018368484897,0.0400148297760619
"1175","8/30/11",0.00554532339727309,0.00535815988811317,0.00344013487887596,0.00544014742010956,0.00819820419403516,-0.00083315669554529,0.00281622901983969,0.0030504188772964,0.00809023821428112,0.00372773064402865,-0.00391873757778316
"1176","8/31/11",-0.00199132922881673,0.0043304763407126,0.0025398878863907,0.00491005313260517,0.00103243349203708,0.00666868561402989,0.0112341258571025,0.000168869773185643,0.00535039465376386,0.00590806710246672,0.0103721888760573
"1177","9/1/11",-0.00982339114547504,-0.0144276774251609,-0.00417988338545072,-0.00797728141139409,-0.0146981363906376,-0.00524434192294976,-0.0144075542751814,-0.0123311515414213,-0.0186264227856088,-0.0102364813477637,-0.0223010980461901
"1178","9/2/11",-0.0217022124072973,-0.0284368946729108,-0.0148816083112592,-0.0272385116845102,-0.0247318398013848,-0.0130411745423223,-0.0235997334164049,-0.0254830999822621,-0.0316894162756279,-0.021532724992523,-0.0383782087998435
"1179","9/6/11",-0.0139439329762044,-0.00484943757849132,-0.00335687083959069,-0.0113660495044414,-0.00415954313226619,-0.00520083301275387,-0.00432875884460082,-0.00526519008352233,-0.0122507145636063,0.00155952894058897,-0.0154364443105057
"1180","9/7/11",0.0179975864330373,0.0294121420554274,0.0174887942455333,0.0386703945509201,0.0289682173397914,0.0114454317952417,0.0376810655003135,0.0287580520370938,0.0331324774602582,0.0271623773431378,0.045506656364777
"1181","9/8/11",-0.0094711056282264,-0.0135251972959207,-0.00292794477245295,-0.0116723732830375,-0.0124395456772743,0,-0.00768175596828979,-0.00565929455901948,-0.0152631911508566,-0.0116218860935854,-0.019019928207719
"1182","9/9/11",-0.0191235372328761,-0.0263925594152926,-0.0217088414496096,-0.0320708072683779,-0.0289046434725639,-0.0213744861370064,-0.0313157511839828,-0.0227666247244209,-0.0282130976214759,-0.0296524274914165,-0.0309471265123656
"1183","9/12/11",-0.00146192453213534,0.0100333843703657,0.000652685038259326,0.00378664514309768,-0.00928489154843848,0.00613822861208257,0.0032689936399295,0.0127076114632265,0.000716905768281206,0.00245904463146984,0.0103888625921165
"1184","9/13/11",0.0148062800438911,0.0134194988048855,0.00573957576156903,0.00429645543794632,0.0177784649767805,0.00709410745579997,0.002353450507389,0.0141162880253818,0.0225643131909758,0.0106864536578091,0.00685445837518039
"1185","9/14/11",0.0104216715014906,0.0178846529233203,0.0110245896446179,0.0125208290873757,0.014489147229789,0.0085941428133991,0.0065016817766026,0.0175286825419743,0.0185640878756508,0.011614039111262,0.0139939573457881
"1186","9/15/11",0.00539492692820853,0.0155432747543178,0.0119309308953666,0.0196824269660603,0.0140146881762762,0.0132698935095061,0.016508243296012,0.0167201896616089,0.0183975333086022,0.0101094300358644,0.0208876423536308
"1187","9/16/11",0.00568183576155956,0.00831817421154057,0.00583148352225904,-0.00242525904887281,0.00315917183967573,0.00909850938159784,0.00970860982706689,0.00747511770698384,0.00405202640186086,0.00356229446562262,0.00219238601786897
"1188","9/19/11",-0.00863156772207485,-0.00115519978898693,-0.00794052916713517,-0.0140816420050307,-0.0157461298884745,-0.00491781139178427,-0.0218530144962514,-0.000989154366025646,-0.0105936484443622,-0.00845149691148439,-0.0258841505934074
"1189","9/20/11",-0.00221627851410067,-0.00693752261948732,0.000381265303701639,-0.00801487073309914,-0.01453120296669,0.0111204383007482,-0.000536472995472548,-0.00594187331536344,-0.0112167639124753,0.00664844989228053,-0.0026200778560681
"1190","9/21/11",-0.0287163360440018,-0.031104310204899,-0.0171448871385256,-0.0407085203840666,-0.044507605937555,-0.017379852727005,-0.052753814229583,-0.013614301423704,-0.0403920207451132,-0.0257410770628165,-0.0495307666550958
"1191","9/22/11",-0.021725007333755,-0.032961344101997,-0.020157818181393,-0.0562574210494768,-0.0536600734265416,-0.0192070209485927,-0.0243533478047971,-0.0343377311459505,-0.039405149325568,-0.0220752904694559,-0.0268455291279583
"1192","9/23/11",0.0076808561395918,0.0156223271333289,-0.000791394465588957,-0.0102973298687218,-0.00523628406965959,0.00914722592192074,0.00736564641787663,0.012376040783612,0.0113740735643022,0.00373254105149901,0.00873593910349024
"1193","9/26/11",0.0144158822095304,0.0223734869670333,0.0196651231450256,0.0365315986936281,0.0299294694565504,0.00888065500054713,0.0139645208672199,0.0129133057553825,0.0256270698294998,0.0150525028407238,0.0372318624754824
"1194","9/27/11",0.00963735888287132,0.0080356476315071,0.0069892462397354,0.0143877887462838,0.0208820745480112,0.00489022218697666,0.00994619120644069,0.013258181947593,0.0177957484291795,0.0158757381198711,0.00663290162987074
"1195","9/28/11",-0.0114867780606451,-0.0193351560584254,-0.0177377762704813,-0.0326552157603823,-0.0444858868371437,-0.0111234690604277,-0.0253787244163399,-0.0177820851101218,-0.0257857806148492,-0.0197491152294621,-0.0302327584412786
"1196","9/29/11",0.00900177811300829,-0.00709098466644742,0.00798198133765404,0.0103432051477459,0,0.0142017319852521,0.0155460180680911,-0.00290380036565463,0.0114211675655433,0.00648201949516936,0.0271785109639215
"1197","9/30/11",-0.0157340633210368,-0.0287405946771258,-0.0103851176430887,-0.0286871449110532,-0.0348802773489826,-0.00928891610104343,-0.026597718117869,-0.0277489869812693,-0.0320845352849707,-0.0132289074957643,-0.0303503039656629
"1198","10/3/11",-0.0304879145940267,-0.0340746487757398,-0.018234651207475,-0.0392633940287602,-0.0317977226045549,-0.026028388558482,-0.0471789699958816,-0.0271318065235751,-0.0359258127926667,-0.0342214480999877,-0.047752746761514
"1199","10/4/11",0.0101991151892526,0.0354622762787122,0.00841811019617333,0.034599150384458,0.0379686410862754,-0.00215532129022278,0.0394057002274206,0.0273452004709938,0.0345754879840894,0.0126029100909593,0.0400340327529003
"1200","10/5/11",0.0126196441146895,0.0186479666573272,0.00304737184673121,0.0350732812956491,0.0384319125852766,0.00230369170680311,-0.00853492874148609,0.0234443855499165,0.0232083387448758,0.0174964383213487,0.0129654776328123
"1201","10/6/11",0.00913930681363473,0.0246435965741645,0.011625147191638,0.0184623868296911,0.0274969258815017,0.0162332422203775,0.0274273154684554,0.0184291862784232,0.0225003797229539,0.0124089306885016,0.0316001059750723
"1202","10/7/11",-0.0192654565303891,-0.00412304736395597,0.00522323721212681,-0.0130429782306306,-0.0179371979975568,0.00212051498922161,-0.0278644950495218,-0.00710311294582233,-0.00851816251769533,-0.00332692690976732,-0.0360602709452621
"1203","10/10/11",0.0246808717669071,0.0350182317187435,0.0154586952287699,0.0462535807066315,0.0424215865450634,0.020877427145086,0.0499097674514644,0.0337253052081321,0.0375872378598925,0.0244204079673989,0.0502813288997901
"1204","10/11/11",-0.00540731694698815,0.00583308878924327,-0.0015355176140609,0.00192701641017479,0.0029672215650578,-0.0087052488444137,-0.019854513448553,0.00593175695612014,0.00517513375151912,-0.00360168201022915,-0.00153201776015333
"1205","10/12/11",0.01828673752271,0.0119305366302997,0.00807189504291528,0.00950820571587063,0.013665979906722,-0.000975788098696362,0.0163611463673721,0.00835371428668186,0.0149302189052076,0.00327039226782921,0.0230152591153669
"1206","10/13/11",0.00582440194166334,-0.00327485340448141,-0.00127065393470316,-0.00264583659791362,-0.00500371721221582,0.00195341009397065,-0.00651573605147882,0.00974671731658239,-0.00710159505979668,0.00068623801968859,-0.0198725420296978
"1207","10/14/11",0.00788136770249914,0.0179071075177819,0.00878043133245532,0.0376701373652699,0.0245846334193838,0.00849446646972729,0.0231480226850616,0.0207528361775451,0.0187330284437166,0.00942924911843912,0.013389256396217
"1208","10/17/11",-0.011490475548773,-0.0195287213631231,-0.0123625164640897,-0.0168729320916716,-0.0340832413682111,-0.00538530865892395,-0.0216818327973781,-0.0193853390531473,-0.0300901150413795,-0.0207202509397089,-0.0317101118201519
"1209","10/18/11",0.0113011728170802,0.0174484964676154,0.0086854676618362,0.0316203946086635,0.0268170241201198,0.00832995651023483,0.0352668392097264,0.0115716473309271,0.0313683069234996,0.0105792540317549,0.0463938377888535
"1210","10/19/11",-0.00957843606471132,-0.0150460697548855,-0.00405206187974116,-0.0106873535299936,-0.0299656758750582,0.0019275907808054,-0.0115412410885645,-0.0235143450516977,-0.0160428062828765,-0.005148253155424,-0.0141578871522504
"1211","10/20/11",0,0.00427059721138701,0.00406854788754218,0.00642051600051041,0.00878610958103576,0.00329804584176041,0.00564975854348759,-0.00390508049064608,0.00815230498042019,0.00275998778492381,0.0162507926511548
"1212","10/21/11",0.0137009228521301,0.0271508190991969,0.0170952007167469,0.0187341499117728,0.0272507671270854,0.0171212270527021,0.0329588183567533,0.0140478693286221,0.0197100892091215,0.0185790364792899,0.02380069233034
"1213","10/24/11",0.00238505855445093,0.0192676528932432,-0.00373507137546414,0.0145128539288162,0.0277590399196741,-0.00161606626082711,0.0248369390134013,0.0223906038529758,0.0214770763487853,0.0165512234421894,0.0228842026972162
"1214","10/25/11",-0.018559813913158,-0.0237463909902875,-0.0143716557418367,-0.0242992228961596,-0.0264767941449988,-0.01375767153231,-0.0162746199753991,-0.0184341609291019,-0.0236131857736853,-0.0215982902590284,-0.02805398288603
"1215","10/26/11",0.013092187131571,0.000640236992649923,0.00836848021643033,0.0248041513508597,0.0200899542159727,0.00506030573194161,0.00737262753369761,0.00545744444376584,0.0109326235475888,0.013924290712666,0.017172018272658
"1216","10/27/11",0.0279195306909057,0.0287859085892999,0.0148370749113851,0.0424300230640386,0.0557342221219417,0.0239488312643512,0.0474831060237313,0.0333655344468209,0.0463706081007504,0.0229442582276544,0.0571123228609096
"1217","10/28/11",0.000155114758020769,-0.00590687367253306,0.000495271844583423,0.00498232039895385,0.00736015849748983,-0.00478429426547533,0.00204509752365789,0.00339849542622095,-0.00250550879894351,0.00425667919201755,-0.00305819805273022
"1218","10/31/11",-0.0187770153324425,-0.0150117489885282,-0.0136218190652379,-0.0434010225383699,-0.0420759319439126,-0.0078783734163389,-0.0112246628669691,-0.0187835967666111,-0.0233910643702099,-0.0202152742839893,-0.0330607023089375
"1219","11/1/11",-0.0229322287438892,-0.0249246201021454,-0.018958221720175,-0.0328541578409077,-0.0281430991935562,-0.0211300784845632,-0.032163513802865,-0.0288719207002559,-0.0343994160096289,-0.0216304861778681,-0.0444132145477517
"1220","11/2/11",0.0171576712815666,0.0128621675128502,0.00883036211469901,0.0300272123742011,0.0243573135610871,0.0160866642736559,0.0191930698590992,0.0113105929540209,0.0204760539951707,0.00714283928472281,0.0265586457681306
"1221","11/3/11",0.014640417059574,0.0122166774584063,0.0130660557095119,0.0251274158933972,0.0229853153612571,0.0161028385639252,0.013774930974233,0.026042525046214,0.0270799799701666,0.011313675762163,0.0179661183993478
"1222","11/4/11",-0.0095670070648336,-0.0044466129766314,-0.00475790286160238,0.000478788399252972,-0.000903687238472894,-0.00559335801499961,-0.00808373291774311,-0.00358159001604574,-0.00603563201075286,-0.00768066971774839,-0.0105894941046816
"1223","11/7/11",0.00633392849984138,0.00398792100420864,0.00503240917785841,0.00593367927359423,0.00568671437929336,0.00441946397969373,0.000173500067930377,0.00390688627800095,0,0.00992764370463139,0.00321082047911192
"1224","11/8/11",0.00786793545667797,0.0109628852968577,0.0107661508028301,0.014841535911188,0.0113096138741358,0.00680012241432681,0.0130026645582848,0.0122977840182263,0.0110258423621934,0.0118294097134146,0.0188475751511836
"1225","11/9/11",-0.0257612843794169,-0.0363037000791352,-0.0237801314590507,-0.044529803489386,-0.0460034686302181,-0.0238379218709809,-0.0456957623415606,-0.0370599921926918,-0.0390390164728354,-0.0294748622833876,-0.0516578386609735
"1226","11/10/11",0.00769247029552833,0.00668632155373694,0.0062165480707741,0.0167779534415373,0.00972472187698981,0.00814009700077989,-0.000179467579514037,0.000798468715728529,0.0100329104241814,0.012385419330043,0.00515286884153721
"1227","11/11/11",0.0144719369558612,0.0233275003127216,0.011852622682166,0.0185273570299067,0.0228228188871853,0.0142642250597989,0.0269057823570864,0.0215412796871908,0.0255657023529574,0.017261661438134,0.0219700017626796
"1228","11/14/11",-0.0128547363001804,-0.00522395526888364,-0.00623061958987203,-0.0117480168603122,-0.0100604626222938,-0.0114103224465143,-0.0185151268332029,-0.00702877789726897,-0.00793871031815785,-0.00675444142945936,-0.0204226000779859
"1229","11/15/11",0.00524058282101136,0.00445552738685651,0.00526651092217856,0.00105427915557899,0.00299663903625458,0.00322107994815424,0.00747479054229672,0.0141575123794124,0.00720208619659934,0.00265385630385717,0.00585207564725443
"1230","11/16/11",-0.015797670662274,-0.0201203467511319,-0.00873149281601837,-0.0132156878765796,-0.0215640024306648,-0.0108362447601206,-0.00953913845670673,-0.0155109194616153,-0.0152549239467956,-0.0188587661231049,-0.0218181653743373
"1231","11/17/11",-0.00882845138149024,-0.0158447421818368,-0.00453016699738418,-0.0234859598910343,-0.0296069476210329,-0.00865525571979375,-0.0183701535947569,-0.0222152953879411,-0.0200096915929342,-0.0107906783345947,-0.018587425482404
"1232","11/18/11",-0.00388659591783802,-0.0023000372536478,0.00278103565278065,-0.00467082030964061,0.00478871596922303,0.00791256973739296,0.00635925336388676,-0.00660648456776525,0.00477528580540998,-0.00323833182300814,0.00568167110449314
"1233","11/21/11",-0.012355469333811,-0.0144905359153176,-0.0150007775945494,-0.0172742409166038,-0.0171570728897684,-0.0128586853511008,-0.0252752911954494,-0.0191404259308394,-0.0214684044768847,-0.0152189896613896,-0.0248587125457742
"1234","11/22/11",-0.00773671780027663,-0.00284034851517068,-0.000511608193529911,-0.0111765566156202,-0.0072040325209628,-0.0113810555368643,-0.00463055013223168,-0.00380342718684523,-0.00870892430901626,0.00260471572586485,-0.00849724932140394
"1235","11/23/11",-0.0258792998725296,-0.0197721077072078,-0.0110115393314653,-0.0310315248104138,-0.0277698582382073,-0.0158111996042106,-0.0301450086897098,-0.025066558546221,-0.0244972174814236,-0.0142017741989872,-0.0299962231542648
"1236","11/25/11",-0.0037466618925065,-0.00649561787692632,0.00207159112977862,-0.0069991055009726,-0.00688987168432642,0.00352282640044987,0.00441302519168452,-0.00578903420509203,-0.00207833527061785,-0.00474330582681626,0.00602375363255114
"1237","11/28/11",0.0270087517491902,0.0313143717850273,0.0157619576782708,0.0374838821357606,0.0377221519809794,0.0133410417535182,0.0223494021972004,0.0342521528579776,0.0347100786594694,0.0273608740234412,0.0267469150826647
"1238","11/29/11",0.0101529365905462,0.00250255999582949,0.00928512039638885,0.0153372062394261,0.00306418882092618,0.011779262807514,-0.00149501670856844,-0.00596093434226741,0.000503233785427382,0.00481111380477639,-0.00622103679518271
"1239","11/30/11",0.0428407793937244,0.0336162812798462,0.0241966983440562,0.0536291986156354,0.0615107450966921,0.028489478133779,0.0465947734321768,0.0404797388089357,0.0516345843891448,0.0372778136140981,0.0625979848367819
"1240","12/1/11",-0.00521416755966386,-0.000644010700485476,-0.00184576557701432,-0.00519553659988203,-0.00719441481536598,-0.00199741348244364,-0.00822461597599977,0.00512329985191795,-0.00239122034927064,0.00016464847716624,-0.00957287848035859
"1241","12/2/11",0.00317656336338579,0.00934443305006338,-0.000492889236212601,0.000773702521301933,-0.00447941574325206,-0.0096080316527114,-0.000901832580696649,0.000318443820868319,0.00127830415087549,-0.0108784577470763,0.0137545289502858
"1242","12/5/11",0.00949982260880566,0.00893854208402689,0.00320659652364963,0.0115009854712327,0.00899937494499992,0.00821897454903087,0.00848092457056371,0.0128981657514795,0.0106927317784553,0.00249960135821148,0.0190687855077436
"1243","12/6/11",0.00282291173700311,-0.00253135427859108,0.00307326268976049,0.00114638396391054,0.00708282555743422,0.00173746760617322,-0.00161025672607717,-0.000314478852170175,0.00157895229069283,0.00415538482218114,-0.000719826304892202
"1244","12/7/11",-0.00813249208025779,0.00428241697648701,0.00147094433478356,-0.00878024765617902,-0.000781308455476193,-0.00226842329988652,0.0109320071499188,0.000471849378249845,-0.00299540943405252,0.00496625040682308,0.0118833878404856
"1245","12/8/11",-0.0230210302549373,-0.0213204638461691,-0.0115040343183612,-0.029077572260541,-0.0323255590521979,-0.0156435163662554,-0.0226910611085581,-0.0182332419854115,-0.0243516718155662,-0.0200954721947141,-0.03523145265407
"1246","12/9/11",0.0164621490947379,0.0166211135286198,0.0115142064765441,0.0250893710455939,0.0165682224623835,0.0154850140839471,0.0219481358495521,0.0196924565921306,0.0244732640646266,0.0154645305950327,0.021763142406185
"1247","12/12/11",-0.00349333868250934,-0.00507933695451046,-0.00807836371540338,-0.0238948150410161,-0.0229230187810109,-0.0104335615350434,-0.0177493042913639,-0.0146020169530017,-0.0181933297938133,-0.0117528945737609,-0.0216605949874965
"1248","12/13/11",-0.00541734032962282,-0.021857226527099,-0.00505928928180865,-0.00951455012897795,-0.01762947867446,0.00405515131849143,-0.0117457504054879,-0.0121094895489665,-0.0145019553221226,-0.00301493929942143,-0.0143910466345563
"1249","12/14/11",-0.0128163423818923,-0.0127222104331141,-0.00607722478845429,-0.0296176064805703,-0.012976533969677,-0.00807744233936813,0.00585086307511906,-0.0172582528533888,-0.0129170191196365,-0.00319231118250296,-0.00262078356951312
"1250","12/15/11",0.00535539549380282,0.00264335826156792,0.00998274160475532,-0.00268083127048913,0.0074127462482303,0.0147935181080148,0.0167247877336134,-0.00328233638782016,0.00712267204547579,0.00977575429161992,0.00300325100612597
"1251","12/16/11",0.00790958744660997,0.00296593800752865,0.00135919975230037,0.0123032502280007,0.0106900482716354,-0.00187254226337785,0.0110852248562197,0.00296395235267699,0.00723685716360678,0.00200302658677165,0.00523929992983696
"1252","12/19/11",-0.0132927860485337,-0.0134713749632984,-0.00468885883138581,-0.0185885918096176,-0.0217034261484724,-0.00937935645006471,-0.00866518047877085,-0.0121490116721976,-0.0124102253595723,-0.00283185817547282,-0.0208490094076783
"1253","12/20/11",0.0240221800387364,0.0296421812983398,0.0204539199121443,0.04027519753908,0.0404381860175276,0.022453421601369,0.0303247618196427,0.0309123290322855,0.0348874655974518,0.0218842645691941,0.0365020041735313
"1254","12/21/11",0.00407651873066528,0.00414878690159726,0.0106182809434272,0.0122834531810243,0.00284050092174937,0.0132179152919709,-0.000346294353172572,-0.0197416644258291,0.00288409303122639,0.00696930743715862,0.00586946434092561
"1255","12/22/11",0.00342412832861405,0.00293986785894318,-0.00221460076831803,0.012556409751354,0.009211927538884,0.00197669978196036,0.0143748842896188,0.0127631875191578,0.0108856013008556,0.00677249949274783,0.017870159753574
"1256","12/23/11",0.00438722334811148,0.0110732290030007,0.007891337878843,0.00664684701933238,0.00817477718292281,0.00696981451719036,0.004350184134569,0.00916527756754726,0.00691087607647622,0.00656262900233417,0.00646428343590721
"1257","12/27/11",0.00501547413443371,0.0030600009045576,0.000979088623026314,0.00285793687991376,-0.000675911677010976,0.00861957879466191,0.00446884418456661,0.00227060685824232,-0.00127710628070976,0.00260813443895413,-0.00358823687849585
"1258","12/28/11",-0.0146490298326973,-0.0134874346335323,-0.00647785082523389,-0.0197522354293274,-0.0232589700231575,-0.00634475633313625,-0.0119779599006935,-0.012621481291814,-0.0156622141173537,-0.0130060495238553,-0.0158444006460635
"1259","12/29/11",0.00898539272275034,0.0107420852250066,0.00787323133382656,0.0105262183115169,0.0125985101149955,0.00807959783516754,0.00883270186810492,0.00966905180910693,0.0125019777647217,0.010047684511554,0.0153678881083477
"1260","12/30/11",0.00663869875496559,-0.00466980041693854,-0.00561437634713602,9.91318259455642e-05,-0.000136759356925031,-0.00607575302557506,-0.0042918948443309,-0.00389557198100121,-0.00432967089015224,-0.00179379537246194,-0.00468479218301276
"1261","1/3/12",0.00739886707444604,0.00905995320798914,0.000245106682478236,0.0270806945894124,0.0277591422980701,-0.0161268187623149,0.00844821542041974,0.0140134192231978,0.0194878513097023,0.0117628261617244,0.0224473770486944
"1262","1/4/12",-0.0106975807475296,0.00609254535561154,-0.00269976404660932,0.00299399044838378,0.00745055550423124,-0.00608067904504095,-0.0170969537822436,0.000964111209190044,0.0042653933742598,-0.0054900562966661,-0.00354102035790671
"1263","1/5/12",-0.00855408005638547,0.00780893195093824,-0.0014764941348796,-0.00423650527875108,0.00184896980819516,0.00106372679344813,0.00939307520325383,0.00738484943835238,0.00125828460360733,0.00422131531609393,0.0131485633130264
"1264","1/6/12",-0.00146503356445282,0.00126499015153025,-0.00603807008399138,-0.00609256378778344,-0.000790802042125893,-0.00650983570130481,-0.00327439657923645,0.000637373950473252,-0.00141388478772564,0.0022637066993938,-0.00491044713097388
"1265","1/9/12",0.00163008725805813,0.00078965033569256,0.00136349085293053,0.00379468500636904,0.00250654635002179,0.00213973611614593,-0.00345773866934052,0,0.00786648926293054,0.00225846935795082,0.00458232930649571
"1266","1/10/12",0.00699888237270918,0.00820556829556396,0.0047048439846562,0.00862640422189576,0.019870951127303,0.00186816017639768,0.0111034174208346,0.00509638660249201,0.0142055581221809,0.00869124402725729,0.0175437801500531
"1267","1/11/12",0.00743513032545318,0.00344363290697536,-0.00591475373598693,-0.0126849912743273,0.0083866846811993,-0.00412900625785051,0.007035034321073,0.00285222810342844,0.00400190686712221,0.00239362613927185,0.00827569797622907
"1268","1/12/12",0.00882391451596387,0.00467948453413447,0.000495874509482297,-0.00817604707428221,0.0147155988278893,-0.00160513679476837,-0.00732681741745866,0.00505617564004601,0.00889142572672719,0.00206934909172296,0.00307801343596315
"1269","1/13/12",-0.00604326860062754,-0.00341555785691605,-0.00148709343449838,-0.00667306299831583,-0.0069356108049099,-0.00187509149508136,0.00223148152089214,-0.00770333676334656,-0.00805338340814354,-0.00397135743362786,-0.0061370187395281
"1270","1/17/12",-0.00128009138338547,0.00342726387497194,0.00459140108632083,0.00691550995749846,0.00571440493559239,0.000268220877929437,0.00822043702953512,0.00491141446814636,0.00321696663979631,0.00574171761091447,-0.00651799366808337
"1271","1/18/12",0.0104133384713772,0.0155254365937594,0.00259349215638549,0.0164836442963123,0.0127523082127803,-0.000268148954781333,0.00696462158580347,0.0184452531313377,0.0100778676929907,0.00681876743415977,0.0141576233986171
"1272","1/19/12",0.00221979491075985,0.00932580382851333,0.00172501771509337,0.00376438410146451,0.00137141071233571,-0.00885781708062994,0.00387978738261352,0.00897848026012982,0.0102797140850295,0.000314904245795944,0.00783100996083297
"1273","1/20/12",-0.00379684054570184,-0.00636165631994579,0.00209057767335308,-0.00086549565297489,-0.00248988263917116,0.0028433307252842,0.00621734824956421,0.0026081555851285,-0.00374087497548448,-0.000472337918306143,0.00675668779447181
"1274","1/23/12",-0.00682850743065122,-0.00152442707000899,-0.0014724688799046,0.00923970540733121,0.000374391747571368,0.00243057973223082,0.00484319402288835,0.00290743701660556,-0.0022528916684118,-0.00393828738795032,0.00369128611387115
"1275","1/24/12",-0.0105534352813472,0.00396955833591495,-0.00381039885000578,-0.00295621001311053,0.00262010473981644,-0.00781215790238421,0.00764506856255398,0.00244129821079553,0.000451469373156099,0.000949016125564084,-0.00167169366022846
"1276","1/25/12",0.00581790399051796,0.0083636729837715,0.0102407809587965,0.0134861465105309,0.0149326709964333,0.0160191054375902,0.0128650105801198,0.00715389863355487,0.0130906461763847,0.00979612178676037,0.0033490630319799
"1277","1/26/12",-0.0133355676846799,-0.00256377951618714,-0.00354186820953595,-0.0159494790350285,-0.00282011855890441,0.00253869812207408,0.00700205309022306,-0.004231726881614,-0.00311903626818244,-0.00438118862416226,-0.00567420308427347
"1278","1/27/12",0.00341958574119205,0,-0.0064958929525919,-0.000862908043197108,0.00799240251394306,-0.0107954618151603,0.000323388517142531,0.00212475589986849,0.00283081943694263,0.00251474871337476,0.00268543734912363
"1279","1/30/12",-0.00340793202543088,-0.00287280875084939,-0.00505791382659349,-0.00556727978357896,-0.00243966081388902,-0.0057933622967441,-0.00743603240917989,0.00106004282767325,-0.00415996757404924,-0.00172438974496869,-0.00937405083237997
"1280","1/31/12",0.00179111118934339,-0.00212280873860626,-0.000495982695691732,-0.00714295790608732,0.0008559232941312,0.00447195710449799,0.00488589625057778,0.00196696480862601,-0.00432639769335508,0.00125608370348784,0.00439324390424112
"1281","2/1/12",0.0104033334307898,0.00714179709468898,0.00793930539910148,0.00515263250193621,0.0130725903338729,0.0039123504941323,0.00988650564551419,0.0117771216766347,0.0146838726221588,0.0119196676921418,0.0158145058708938
"1282","2/2/12",0.00804352255756302,-0.000150751157658946,0.00430787838514957,0.0058032785452804,-0.00277364361033017,-0.00120944417880087,0.00224699071429546,0.00373045771722702,-0.000147667793560458,-0.00201482531379749,0.00463715411982313
"1283","2/3/12",0.0114908040349304,0.0208239983504694,0.00355391924709592,0.0175015661590683,0.0147539322671801,0.00363291607044669,0.0139309947006401,0.015313805369068,0.0194951615572809,0.00621229874169726,0.0253873292983362
"1284","2/6/12",0.00268229646652141,-0.000591361073022267,0.000488472387182082,0.0119084084299446,-0.00357553860074677,-0.00388788827823705,-0.00315834115831126,-0.00043934232913645,-0.00333226634205597,-0.00355025931277864,-0.0057876676877151
"1285","2/7/12",0.000786630431403035,0.00384573969307023,0.000366091584922179,0.005230009828876,-0.00287022342856769,0.00740272648534979,-0.00253515657243653,0.00190465888222224,-0.000145217875449855,0.00108431667958175,0.000323365368669171
"1286","2/8/12",0.00283011402749045,0.00162046571022367,0.000609948785319725,-0.00250859732288755,0.000719360030735583,0.000266659533798563,0.0017473285437879,0.00716438351837478,0.00188990391637667,-0.000309230283331297,0.00581962708874362
"1287","2/9/12",0.000156829726686514,0.00279500277904132,0.00451178438524757,0,0.000839312021132521,-0.00227015008902043,-0.00729345669299075,0.00914660894381591,0.00159621142341626,-0.00355987719623763,-0.00353592521591184
"1288","2/10/12",-0.00423255639915987,-0.00586763266663071,-0.00376288642975608,-0.0112704404722255,-0.0177248369421831,-0.00267748238380427,-0.00926368227398999,-0.00863165173567881,-0.0101406949596822,-0.0045044707807903,-0.011612712203746
"1289","2/13/12",0.00944576571160072,0.00782056269158438,0.00389891671948228,0.00866714553986259,0.00499896681076351,-0.000939932714585479,0.0101562410039158,0.00696553334232397,0.0122930935197794,0.00842544919956567,0.011422756079829
"1290","2/14/12",-0.00233928571953645,-0.00117127353332491,0.00351972656002508,0.00270829251733318,-0.0124951130762556,0.000403419137551486,-0.01021371785365,0.00115308039189443,-0.00491501451109755,0.00216614789532188,-0.0109713385821145
"1291","2/15/12",-0.000469130999467549,-0.00395775212377869,-0.00266090671950403,-0.000838328041501413,-0.0019658266135123,-0.003760612930509,-0.00596579062594049,-0.00489448410861948,-0.0132213222100058,-0.00216146584064036,-0.00619885600501813
"1292","2/16/12",0.00938379984330329,0.00941859755095287,0.00812515808898429,0.0144495610962303,0.0180946274225375,0.0111891821602295,0.0105432927357516,0.0167801991844168,0.0108954570411397,0.00881954803673146,0.0160868015263966
"1293","2/17/12",0.00464835928002838,0.00685239840989471,0.000721844030416419,0.00330825601290718,0.000725419088247747,-0.00120002634216676,0.000802512627275931,-0.00128047758056005,0.00436920101273586,-0.00490799906018724,0.00581564194837214
"1294","2/21/12",0.000925459572938214,-0.00390972386792976,-0.00456797912516194,0.00613658725503408,0.00314117170424066,-0.00293616837581423,-0.0155574669841231,0.00242181717383105,0.00101525200577313,-0.00739816498689239,-0.00224843617728288
"1295","2/22/12",-0.00878273954471431,-0.00407027246836367,-0.000965990409426021,0.00191179562442123,-0.00385395899415575,0.00200812037822806,-0.00847164247674226,-0.00540017968350937,-0.00202819814751021,-0.000776487350576116,-0.0119125929949138
"1296","2/23/12",0.0122801812369415,0.00642245006523967,0.00459359506807444,0.00636030754115646,0.00350621536385498,0.000667626174608582,0.0124877285857801,0.0062864989963487,0.00420952011780207,0.00435109459963234,0.00977509114646535
"1297","2/24/12",-0.00460666878843352,-0.00116010426380131,0.00216550620479072,0.00361116912885784,-0.000481748022852946,0.00320434214259691,0.00129819417662236,0.00440152989415843,-0.00130097853523969,0.00417769771466703,-0.00290408702743128
"1298","2/27/12",0.00185135436533934,0.00319419142128075,-0.000119932792886912,-0.00332850772956972,0.000481980215868871,-0.00212941614043882,-0.00162063335625429,0.00141375906964925,0.000433956270401215,0.00107868697935509,0.00744333720695001
"1299","2/28/12",-0.000924111756728019,0.00665782225206391,0.00252157313550416,-0.00352008529790493,0.00204787805080775,-0.00493450916586857,-0.00584424072816292,0.00649342988854817,-0.000578444902540332,0.00369395800519401,-0.000963737211257643
"1300","2/29/12",-0.00832303267978718,-0.00301947293894145,0.00263497643841037,-0.0115942384143586,-0.0169529162797701,-0.000268171020658459,-0.0040822585406054,-0.00631155791074267,-0.00579027639932372,-0.00582710876486014,-0.00257217316041458
"1301","3/1/12",0.00233136508391096,0.00836469576193877,-0.00107493557486182,0.0106305506439415,0.0097846074054786,0.00254725850709558,0.00606647498956803,0.0069162754979557,0.00247514712149632,0.00509013012896675,0.00967117413191221
"1302","3/2/12",-0.00263612919391354,-0.00314616196889528,-0.000239347500484488,-0.012150916196785,-0.00436042302963857,-0.000936070191911997,-0.0014668190181133,-0.00364451883938599,-0.0074075689851002,-0.00322292789990564,-0.00510868881711812
"1303","3/5/12",0.00155466163011209,-0.00143480192910739,0.00406696658426831,-0.00486498437608951,-0.0153285417314249,0.00227568134215117,0.0101191667110985,-0.0102702127820575,-0.00629194339850192,-0.00338713417481151,-0.0028880950055773
"1304","3/6/12",-0.0128839973912486,-0.0159485699420707,-0.00893498298805318,-0.0179874022884592,-0.0233502496796854,-0.00507487120260275,-0.0132491984422647,-0.0129352612882832,-0.0228241188940935,-0.0145218120853972,-0.0212424899678819
"1305","3/7/12",0.00959250806267442,0.0108047956767732,0.00192338532819814,0.00695098785508086,0.00480666857493839,0.0013424214053146,0.00540368458438034,0.00892851643831571,0.0110002421942772,0.00548648873003388,0.011838356353455
"1306","3/8/12",0.00778830800729469,0.0114112541374947,0.00671856725906816,0.00848878290506683,0.0182550991086301,0.00455748765086894,-0.0052117777757974,0.0118470001184598,0.0141603097032632,0.0121608491498275,0.00812470385749364
"1307","3/9/12",0.00803700756563197,0.00714037706258908,0.0028603222607253,0.000555070782219058,0.00333841691160641,0.00533774729595859,0.00491140560790093,0.00521954913520117,0.00411515183160116,0.00477549834960156,0.00805929938575378
"1308","3/12/12",-0.000153289979930915,-0.00283542798652514,0.00463434619020586,-0.0070259355526352,-0.00665450490311703,0.00942377159574215,0.00733144271980479,0.000841832625148697,0.000146420750644527,-0.0016865929883203,-0.00127909454251762
"1309","3/13/12",0.00843443882620543,0.0163535062722011,0.00804362060753006,0.0135927870585408,0.0192285498128679,0.00289281046870071,0.0202168729841754,0.0201906297058938,0.0215131958671602,0.0145884985671234,0.0349023758372882
"1310","3/14/12",-0.00577873319605282,-0.00209901011520741,-0.00316842400521811,-0.00982833701285701,-0.00572040103931004,-0.0136356816037779,-0.00269497039700839,0.00426069920966632,-0.00286515247656083,-0.0012109137185955,0
"1311","3/15/12",0.00917725492335686,0.00434676363906039,0.00247200326819863,0.00139140694500073,0.00783435313504444,-0.000797797413809143,-0.00143059312909544,0.00355833591614396,0.0122125225472272,0.00394016984276258,0.0148514390505747
"1312","3/16/12",0.00318267623163093,-0.00488627023761379,-0.00129132985681268,0.0132471845444668,0.00206454366192954,-0.00212829335837283,0.0057305062718449,0.000136104288497529,-0.00127760631930651,-0.000754937455947347,0.00274383032793635
"1313","3/19/12",0.0039278915793759,0.00547133919042775,0.000940548455079293,0.0063995959635732,0.0050910694449251,-0.00479966051523917,0.00696414415307633,0.00709036893746862,0.0015631079819074,0.00166143076612912,0.00638481052048601
"1314","3/20/12",-0.00105326261444327,0.000558467330886936,-0.000469881441552134,-0.0156250924424622,-0.00627097988675596,0.000803927469619437,-0.00141447971102959,-0.0017603081076123,-0.0116357994217617,-0.00648443452780501,0.0018125486123064
"1315","3/21/12",0.00557416746216943,0.00181283799274712,0.00211542540463605,-0.00932081589958278,0,-0.00160621980972597,-0.00141671664547016,-0.000135365947441013,0.00100488482193972,0.000607295132358798,-0.00331712108023963
"1316","3/22/12",-0.00883906320384187,-0.00250574114506152,0.000351765929691217,-0.0218908954033736,-0.0172330970360303,0.000134345157003279,-0.0137136629759609,-0.00325564548204205,-0.0123348077825407,-0.00303413079238679,-0.0136155878456115
"1317","3/23/12",-0.00151148116985411,0.00139563496448347,0.00257917653648754,0.0109522435152576,0.0118546787569673,0.000937950061625781,0.00623283700701327,0.00136116006263864,0.0027591067357351,0.00349970164653679,0.00889567648695033
"1318","3/26/12",0.00756873185549467,0.0170011341282459,0.00678202152122909,0.00885532656257637,0.0123262077883477,0.00793686533067461,0.0117199017146423,0.0167162265517757,0.0146272224147872,0.0175892034196936,0.0143693295742104
"1319","3/27/12",-0.0111177713138015,-0.00301436507255126,-0.000464490661528871,-0.0108318858421379,-0.00156718480525864,0.00335323571712043,0.000158279305701114,-0.000534638516329955,-0.00285482673312809,0.00104304955510104,-0.00720290633778187
"1320","3/28/12",-0.0104830353470214,-0.00920883370254522,-0.0022077654265682,-0.0136882890889692,-0.0129193718214818,-0.00762022881046831,-0.00158230987753216,-0.00321002856505626,-0.00844548253665245,-0.00312588820899762,0.00241833018106075
"1321","3/29/12",0.000307215861609533,-0.000693419134474293,-0.000116329349115762,9.56401912155513e-05,0.00146755279439015,0.0036372351231384,0.000475409245936476,-0.00187839680744994,0.000577437792757429,0.00164239371885011,-0.00874549758120069
"1322","3/30/12",-0.0021490016814607,0.00222079499841743,0.00489160466304295,0.00660363129902319,0.00415293232818215,0.00456366980427214,0.00823720301808972,-0.00282294906441138,0.00331854346424709,0.00730481031757213,0.00304206807935903
"1323","4/2/12",0.00461459791704466,0.00609431897517987,0.00822883006674635,0.00998270267324908,0.0128940384350076,0.0046765681302503,0.00706993713555315,0.010245419032445,0.00603957972395142,0.00325592982507916,0.00909943406487068
"1324","4/3/12",-0.00336854041526791,-0.00247814542134095,-0.00574763706682313,-0.00781311474366053,-0.00684550704478826,0.000532153419720904,-0.00390028477710291,-0.00186822169828149,-0.00543175787801975,0.00206504324913714,-0.00480921217664532
"1325","4/4/12",-0.00599167792471822,-0.0110403582123539,-0.00277488789780223,-0.0140416951392709,-0.0133010405764306,-0.0023926816527885,-0.0109632652324521,-0.0145720735740001,-0.0077606881062704,-0.00780193590509148,-0.0151010617921029
"1326","4/5/12",-0.00355495729178967,0.00697754646867477,-0.00127532855925738,-0.00615856754742417,-0.00673989759008919,-0.00799481905709698,-0.00380036842036524,0.00298461600627165,-0.00463521999600169,0.000296325102347783,-0.00398662864805588
"1327","4/9/12",-0.0111678866028895,-0.0103935073342952,-0.00917105903953497,-0.0122967790651959,-0.0148058551697214,-0.00604391342156096,-0.0106499139456061,-0.00730388662856329,-0.0165888991865792,-0.0145356363042008,-0.0138547080762607
"1328","4/10/12",-0.0183527823964111,-0.0260471619813446,-0.0090217717284059,-0.0210764282472991,-0.0220416410904608,-0.0132436781287334,-0.0215296695627952,-0.0151250444378103,-0.0211600708152162,-0.0147499212791256,-0.0215422168362545
"1329","4/11/12",0.0174175097725402,0.0143781635981797,0.00484741629835672,9.99812076016848e-05,0.0108852201508804,0.00136996329790162,0.0128077775016813,0.00539556302562816,0.0114890770825171,0.00458280760706842,0.0153157980780454
"1330","4/12/12",0.00910941056690118,0.0136075584186968,0.00235330540126366,0.0221290077582565,0.0274893923344659,0.00437602473026577,0.0137807400623469,0.0141739322394456,0.0212224822170775,0.00623488468078159,0.0175991795781376
"1331","4/13/12",-0.0130738862495443,-0.00335613518156008,-0.000704388795691568,-0.0153800823122731,-0.00887695867359606,-0.00381266115013623,-0.00415816342511677,-0.0151967160492497,-0.0134641054328721,-0.00982323612247393,-0.0210007561278005
"1332","4/16/12",-0.00189236311844998,-0.00505120906526202,0.00387643418908712,-0.00557172690648466,0.00186582855539918,0.00847465063588859,0.0136504300632199,-0.00992023851707624,0.00296692059962567,-0.00091564484077078,0.00820181655739782
"1333","4/17/12",0.0115342262171922,0.012268813077053,0.0109993441051137,0.016208160747549,0.0141545346016185,0.00772571562632907,0.00855507759054475,0.0218481017332099,0.0156782186771716,0.0139017177592506,0.0131416466352434
"1334","4/18/12",-0.0103092283564497,0.00125414779509825,-0.000810029253330069,-0.00216575515460404,-0.00477483870727757,-0.00295916668345153,-0.00675485812571808,-0.00735396177479741,-0.00334929012898888,-0.00135606811273825,-0.00741186629839519
"1335","4/19/12",-0.00694464185820287,-0.00932252155384983,-0.00382286862461267,-0.00157890456817633,-0.00332135344606366,-0.00310232840889602,0,-0.011524168448627,-0.0097899053661431,0.00316815048914521,-0.00311159225414182
"1336","4/20/12",0.0101717542917599,0.00196597255292152,0.00895358636085963,-0.00247049174876213,0.00160461616830654,0.0101485164354596,0.0121778956774219,-0.00638460749311875,0.00826346394742372,0.00541443445650591,-0.00249700764162475
"1337","4/23/12",-0.0102266249709179,-0.0119143964483277,-0.0144058884920552,-0.000792475484343358,-0.0141713518976273,-0.0060277888076774,-0.0103123418190282,-0.00879984887139551,-0.0115614953566981,-0.00777845001863564,-0.00813509400866164
"1338","4/24/12",0.0147830304934793,-0.00297920689053255,0.000467850376216994,0.00634530591788973,-0.000374939035322819,0.00808607673105444,0.0149983902441937,-0.0063417831761281,0.0111044985114597,0.0031656957374635,0.0113565625921499
"1339","4/25/12",0.00375945045652881,0.0179284982479342,0.00631121843909099,0.0115271696061992,0.0235087679908237,0.0057486524022734,0.0115102470035451,0.0303503507282712,0.00527171825037143,0.0120230100973797,0.0106049882630774
"1340","4/26/12",0.00421340140807236,0.0116015173758639,0.00905920509134384,0.00935022258521778,-0.000122472361596349,0.00638065338928939,0.00246054636041015,0.00757064054513767,0.0055354076088272,-0.00029690035991492,0.00740736343841042
"1341","4/27/12",0.00295256978813296,0.011469042434173,-0.000920641046997517,-0.000289366242610667,0.00537668107356026,0.00422645776767783,0.00690275855627909,0.00191240641749157,0.00782265093216039,0.00311938722878202,0.000612644460904033
"1342","4/30/12",0.00356392647910586,-0.00655718126874139,-0.00380205902153685,0.00444007117927758,-0.00947984404070923,0.00157830350180754,-0.00258980736291325,-0.0087267452400811,-0.00919943979491866,-0.00340594789951876,-0.00673580919255234
"1343","5/1/12",0.00494038694965937,0.00398758198002214,0.00115678289604193,0.0124928584668389,0.0042944601871564,0.00420203791050899,0.0108447558518352,0.00261379485264057,0.00348153480117941,0.00326910697513982,0.0101726580022841
"1344","5/2/12",-0.000460981485815526,0.00767012455026661,0.00254111802182977,-0.0160402141931462,-0.00525366228151736,-0.0056229778560325,-0.00151089867815402,0.00150908878664935,0.00130136364155908,0.00074036187218196,-0.00732404346660431
"1345","5/3/12",0.00153724922764664,-0.00910700182653867,-0.00403278621012326,-0.0170735687732153,-0.0106848529136896,-0.0043395551662968,-0.00348102743540213,-0.0124657388376369,-0.0090962812211971,-0.0056237823337939,-0.00676269205322166
"1346","5/4/12",-0.00951523603255167,-0.0203016658733175,-0.00728828615317123,-0.021982076707078,-0.0170085770960692,0.000660123240243671,-0.00880784521785949,-0.0210845645410483,-0.0152993630518505,-0.0133949885154108,-0.0145467183743918
"1347","5/7/12",0.00216915772856296,0.000419889894923475,0.000466171805651783,-0.0018062105561043,-0.00151540393503713,-0.00250768270954915,0.00704769846417475,-0.00382617558622622,-0.000740053116111916,0.0045256777635172,0.00471089604898078
"1348","5/8/12",-0.00231916847291191,-0.0124562548494711,-0.000932103990222144,-0.00402099872373685,-0.00455369170386399,0.0033080431855006,-0.0018255483448737,-0.00440956064583742,-0.0023691982061026,0.00135175377426777,-0.00531404430469018
"1349","5/9/12",-0.00495878241714254,-0.00495990139996494,-0.00443004387313095,-0.00645931378639153,-0.00660722460072116,-0.000527597444105798,-0.00320049123525157,-0.000428858043560632,-0.0124685870057755,-0.00929838427999896,-0.00911378782333228
"1350","5/10/12",0,0.0044147789596265,0.00667484458238832,0.00518052117821699,-0.00153491931543304,0.0092372839218049,0.000763999192028741,-0.00786154979242482,0.00135300354784729,0.00772020317151934,0.00348889834387811
"1351","5/11/12",0.00529524917443047,-0.000567122973599288,-0.00325713384228976,-0.00707415944102552,-0.00204949958494893,0.000784741191155014,0.00213943574751685,-0.00072036941260234,-0.00045043720502691,-0.000150357821792846,-0.00790154749709404
"1352","5/14/12",-0.0119288773977572,-0.0161747941855672,-0.00350138430371794,-0.0169973967145608,-0.0157897159170782,-0.0028744471685177,-0.012654276320483,-0.00965957850959476,-0.0130649542600633,-0.00390586453362751,-0.0191143832242952
"1353","5/15/12",-0.000156593240544178,-0.000720872450478249,-0.00105412011325112,-0.0165664172448432,-0.0136949853445492,-0.00589627306604423,-0.00525036858300931,-0.00305713744102332,-0.00532558818644413,-0.00497758821811034,-0.00519634957293402
"1354","5/16/12",-0.00611576016037052,-0.000721550981474306,0.00457262728412333,-0.00452741489828101,-0.0132239225349593,0.000922716352010244,-0.011021434395908,-0.00846987815888256,-0.00107086897163133,0.00121286635459672,-0.0133854748922617
"1355","5/17/12",-0.00331345537748551,-0.030473788766026,-0.0085202721618366,-0.00729776643846158,-0.0246582484593867,-0.00632104695180746,-0.0291947495986654,-0.0182618632288158,-0.0248085402964096,-0.0124147829386783,-0.0211782791414458
"1356","5/18/12",0.00316612672203243,-0.00670336911111657,-0.00670951824827326,-0.00767109303145053,-0.00755706287530378,-0.00212010444673572,-0.0121261240369797,-0.0136517383230922,-0.00581017741772361,-0.00919857437264326,-0.0111561844014075
"1357","5/21/12",0.00126243773298818,0.0188962624601954,0.00533297777694219,0.0251235225994024,0.0317040225796663,0.00252293395604442,0.0217676369106987,0.0287452026808734,0.0236927975908447,0.012687878942556,0.0112820490207082
"1358","5/22/12",-0.00378261721897877,0.00367960413194823,0.000471655813405469,-0.00450360710343389,-0.00657532803249317,0.00556403336729283,0.00192187376696062,-0.00206954211193267,0.00262306838759274,-0.00244481937992513,0.00540926202388947
"1359","5/23/12",-0.00142387734491567,0.00674571148136383,-0.0025922435859369,0.00431363581834554,0.0109414674801334,-0.00632349462765713,0.00143902517169758,0.00177793682230809,0.00600184921236702,-0.00551361139713613,0.00437115680085975
"1360","5/24/12",0.00316865493094309,0.00422436052756847,0.00862360466861434,-0.00282822519902604,0.00561214856088399,0.00570077421400295,0.00447009289553879,-0.00872537379920912,0,0.00939458550103733,0.00200879833855327
"1361","5/25/12",0.00426411192211451,-0.000870037352106223,-0.000116885046802406,-0.00273147349476566,-0.00345484987027711,0.00210910931347441,-0.00397343087886581,-0.00208887981968231,-0.00489524236518257,0.000610445531838755,-0.00334154177648671
"1362","5/29/12",0.00912079105982722,0.0148082659816509,0.00737931156174843,0.0156957397678794,0.0185331463453726,0.00473536610884095,0.014201310647673,0.0139035128059082,0.0136817119550401,0.00274452173296758,0.0140800238431158
"1363","5/30/12",-0.00747999964194224,-0.0175964245461768,-0.00767434186048632,-0.0300767557094401,-0.0187193524515075,-0.00759343464071038,-0.0237568818587999,-0.0086994686626054,-0.0168332131019129,-0.00699501147502979,-0.0204958891004103
"1364","5/31/12",0.00737947825449958,-0.00378618377177098,-0.00257796761144558,-0.0105860674585606,-0.00653697521729313,0.00633240403467417,0.00757444244052685,-0.00713979017129585,-0.00277677162291734,-0.00382857217561794,0.00573749643981381
"1365","6/1/12",-0.0241582661316985,-0.0328897939657027,-0.0175045765671901,-0.0246406270915596,-0.0209480629929629,-0.00419506023491201,-0.0244721679721852,-0.0277150092369471,-0.0309357234157004,-0.0202919537211805,-0.0359060529253212
"1366","6/4/12",0.00878429207235132,0.00211580399846456,0.00263056536457418,-0.00177318966045503,-0.000685497857306094,0.0023693693817326,-0.00688616479530124,0.00369777262014281,-0.0110135457057919,0.00219666862878354,-0.00800569676662799
"1367","6/5/12",0.00253337037504342,0.00678748573261578,-0.000119231535161135,0.00954632233747055,0.0101565167330198,0.00525406978533205,0.0206371425833785,0.00875044748195664,0.0045189628306419,0.00688902397659397,0.0154387287448969
"1368","6/6/12",0.0164244722900218,0.0223222160397232,0.0132392565226065,0.0310058265212023,0.0229618282785291,0.0122810176452484,0.0221609595017975,0.02511043932074,0.0271529452708215,0.0144611311426344,0.0272977496829765
"1369","6/7/12",-0.00279671409334237,-0.00190545501012584,0.00376717216390654,0.0012800020430892,0.00212525284557552,0.00671135863193761,-0.00712123583364777,-0.00415691992500433,0.00422350244494663,-0.000153034210060632,-0.00033642155538316
"1370","6/8/12",0.0130882424712069,0.00851588178018003,0.00621554945224601,-0.000745553189126058,0.00675943725541028,0.00346143566451707,0.0141855495252969,0.00969003680326352,0.00763237527865201,0.00843146006650763,0.00975776471162626
"1371","6/11/12",-0.00661350251915382,-0.0171786319381855,-0.00536134982083925,-0.0139628108673164,-0.0196158862956899,-0.00281078421980929,-0.0224736417656921,-0.017717542511084,-0.0151491968749972,-0.010033456368131,-0.0169940780445573
"1372","6/12/12",0.0154823481883484,0.0118497953119567,0.00550739863518301,0.0131876198564076,0.0183967655308226,0.000896830222621547,0.00948556449164806,0.00992052032481916,0.0160100562639012,0.00890682185004699,0.0132201170888071
"1373","6/13/12",-0.00365899157458638,-0.0156638658520923,-0.000816016441500644,-0.0124827325673658,-0.0147679609395976,-0.000896026638851466,-0.00509654240986501,-0.00684622491328168,-0.0101961929332117,-0.00197870490736984,-0.00368005714558717
"1374","6/14/12",0.0180564055791641,0.0123437492828733,0.0121299336089884,0.016746148333209,0.00629034495921243,0.00871258622434112,0.0145669834545468,0.00164828157877972,0.00874026430357566,0.0135730770207036,0.011752740654261
"1375","6/15/12",0.0055616758096404,0.0101370278253712,0.00334198857095669,0.0185952173071677,0.01316646918686,0.00406427097856854,0.00615350170374773,0.014362718777746,0.00804597342063995,0.00722236632889284,0.0132758418114753
"1376","6/18/12",0.00224200220373083,0.00668966208226185,0.00241192317111572,-0.00980599128576554,0.00433221011813578,0.00392157897012813,0.00831097356067612,0.00796436495364672,0.00291620832224337,0.00552743125423372,-0.00393048037570021
"1377","6/19/12",0.00268473667512725,0.0114129523698674,-0.000343870223782794,0.0166454018797966,0.0214343919938667,-0.00063006678102373,0.00404345143070861,0.0103895503054221,0.0156109421221791,0.00950820892231707,0.0161129724303302
"1378","6/20/12",-0.00550370982210135,-0.000428220963083703,-0.0044701118084518,-0.00404144886517022,-0.00345468614128064,-0.0103392540123056,-0.000464575237332121,0.00144782343471439,-0.00587737769902641,-0.000735725598861814,0.000323795081095035
"1379","6/21/12",-0.0103201040565984,-0.0227209706691751,-0.0122034214486704,-0.0426592877069298,-0.034925173634186,-0.0108289701472948,-0.0162715030141398,-0.0261748288061643,-0.0215246953516683,-0.0147276524132254,-0.0207053728151512
"1380","6/22/12",0.00846314170028117,0.0054102636608675,0.00349647316769519,0.00825992177084478,0.00705145673947571,0.0023183450798443,0.000157556220254707,0.0126227259193892,0.00371791280460765,0.0121074327980344,0.00792870963754577
"1381","6/25/12",-0.00584462949521414,-0.0165797117875045,-0.00545878504904485,-0.0222054783970326,-0.0140046181668761,-0.00350185169309236,-0.00509762851122508,-0.0224371699610912,-0.0186755416423371,-0.0137348673673532,-0.0174476897505712
"1382","6/26/12",0.00256290095476963,0.00990847237510062,0.00210208516860044,0.0108036453778109,0.0025459659012208,0.00299336267833561,0.00335198966856298,0.00330013914178906,0.0023590328122467,0.00344413421232614,0.00537073433252822
"1383","6/27/12",0.00661529954702944,-0.000146442684301751,0.00652597371590669,0.0207219787724875,0.00908811005100496,0.0106398191056523,0.00397707130868574,0.00613040381505203,0.0106700815408112,0.0120878214517859,0.0116858947885834
"1384","6/28/12",0.000597503488268813,-0.0051261159767535,0.00301037366754842,0.00747949464083941,0.00158973844434263,0.00269619531905319,0.0109334270206674,-0.0106999235030676,0.000155379640998099,-0.00368619955723704,0.000330330371161924
"1385","6/29/12",0.0122406253119911,0.0207565726740579,0.0182385797705631,0.0318165945730475,0.0281671828859804,0.00524978049236058,0.0255485020492525,0.0324469503963516,0.0329089719941731,0.0195352361643182,0.0247442068742361
"1386","7/2/12",0.0237427735917286,0.00447093285447075,0.00691535056527326,0.00123360478272239,-0.000385789366615152,0.00929761268483875,0.0110040504727524,0.00378283927511869,-0.00495958996886214,0.00624171212481572,0.00611721313586466
"1387","7/3/12",0.00201674536895458,0.00143565877499263,0.00472858827555767,0.0229955809134086,0.0144104957975202,-0.00252375590962817,0.00589566048253731,0.00956673349867598,0.0107236266211459,0.00043270158583586,0.00672004755471312
"1388","7/5/12",-0.00761953140340843,0.0053046639452885,-0.00190492621222071,-0.0126444442056733,0.000761245890115614,-0.00442808207028922,-0.00616170045132713,0.00229723871768295,0.000298933965476866,-0.00504662201851713,-0.0117609744929039
"1389","7/6/12",0,-0.00556189895760872,-0.00168415457484294,-0.0113832826845033,-0.0126741960839979,-0.00330445364724508,0.0024196496784552,-0.0191949811881449,-0.0140424611180445,-0.00753612578165952,-0.0054680626674215
"1390","7/9/12",0.00347692548322986,-0.00587976495619069,-0.00191187565896178,-0.00493454932083048,-0.00731704542127876,-0.00344217755710385,0.00105585020305288,-0.00438166571495036,-0.00106085319710447,0.00715509949419002,-0.00355740460731557
"1391","7/10/12",-0.0025985498978176,-0.00605893457144402,0.000225310688552582,-0.0162207694241581,-0.0144836306119597,0.00255874070382123,-0.010698989967454,-0.0126155571850685,-0.0165327403799868,-0.00739434327933597,-0.00714061841504798
"1392","7/11/12",0.002171300077906,-0.00667619877268733,-0.000450627527697978,0.0135478257340356,-0.00314893710490638,0.00497733003862599,0.00106608262012053,-0.00623982691971958,-0.0061688438633144,-0.00160688950390808,0.00523061464753916
"1393","7/12/12",-0.00577707432332342,-0.00496783388337596,-0.00202854959424292,-0.00559539177363233,-0.00592373989677364,0.000761565478931692,0.00304307262990622,-0.0100163377028143,-0.00450028575981087,0.00277986714446454,-0.00682938967316815
"1394","7/13/12",0.00915151461039598,0.0164462768867146,0.0110672502405345,0.0171927926444944,0.0184058843858363,0.0111661352290762,0.0122878171375163,0.0141951984232036,0.0182384051628128,0.0107964264376106,0.0242305709004342
"1395","7/16/12",0.000863780084098265,-0.00534534375970508,-0.0050262112351287,0.00399516638361708,-0.00377051013009477,-0.00225860107383258,0.00194822481570878,-0.00297806178103477,-0.0070423155229713,0.000866396407536163,-0.0019181666616056
"1396","7/17/12",0.00877323013096953,0.00871468139740594,0.00392903393747401,0.012447757240746,0.0116156772061919,0.00264126095488071,0.00957210911319462,0.00149314454700256,0.00447135468722482,0.0124025350471397,0.0067263941957536
"1397","7/18/12",0.00285115955422399,0.00532745155398406,0.000894683760721771,0.00765884305670617,0.00477340303313678,0.00376313886664859,-0.00592590674692728,0.0195349338752209,0.0148888108850003,0.00227915810763424,-0.00413611448320972
"1398","7/19/12",-0.0150694186072255,0.00759128887756932,-0.00223446981619346,0.00300053182271776,0.0109142161350106,0.0011243676278212,-0.0104320925697559,0.0133100455395274,0.00408333802959571,-0.000852674136832432,-0.00862636253303695
"1399","7/20/12",-0.00765019884903673,-0.0136461148856973,-0.00627042513192944,0.00159504431355173,-0.00838300153367733,0.0023721906497598,-0.00527112406699259,-0.0131352152266886,-0.0128029399141011,-0.01365568410885,-0.013212936352815
"1400","7/23/12",-0.00843623517467473,-0.013690802246746,-0.00923932653707793,-0.0125432918397154,-0.0158830780811702,-0.00647588082131689,-0.00726737839374947,-0.011408323229378,-0.00610342249363549,-0.0119701492679759,-0.00849128112634734
"1401","7/24/12",-0.0195101401308572,-0.00803634204326997,-0.00375299470623203,-0.0148202547336547,-0.0154887202381236,-0.00889977766305428,-0.00335515705166001,-0.00976482517403732,-0.0122811965697216,-0.010947141425902,-0.00362317297283865
"1402","7/25/12",-0.00403947553105588,-0.00250391894009516,0.000228473065031487,-0.000818686468506025,0,-0.00252937306398349,-0.000459082853305093,-0.00433286033006597,0.000932675145313588,0.00339407746951093,0.00330596358968327
"1403","7/26/12",0.0327474240851178,0.0178676401235165,0.017119131739989,0.0259115554573901,0.00661026549881982,0.0154685052256487,0.00887944150210007,0.0129052646578827,0.0175466923297456,0.00956052588278178,0.0121908849638677
"1404","7/27/12",0.0253091443047118,0.0200202115630739,0.0123429180491179,0.0180694149142178,0.0211451982841013,0.011862263458557,0.00955987548991843,0.0229630400068921,0.0221272832235928,0.0212703057060812,0.0172526868579761
"1405","7/30/12",0.00425604840852301,-0.00383991895611391,0.00454438600407281,0.00372602241219266,-0.000128591539959588,0.00382482381237614,0.0046595646162011,-0.000579331616963774,-0.00313553729169291,-0.00413702599163457,-0.0022399304023063
"1406","7/31/12",0.000988901838490985,-0.0111363757101004,-0.00264813075751436,-0.0123094253579499,-0.00578852864615897,-0.00835885645078627,-0.00149609044128884,0.00115905030408592,-0.00299529123535291,-0.00701922569063906,-0.00256578272944796
"1407","8/1/12",0.000141018094590439,-0.00664173264454937,-0.00774415744430546,0.00425326988716668,-0.0042696517404669,-0.0068180480980643,-0.00479488916032156,-0.00521047763266957,-0.00886285559042788,-0.00331769704616847,-0.00514450822596957
"1408","8/2/12",-0.00691417983362341,0.000581284815831751,-0.00590933527317017,-0.0185166595441728,-0.00961537587706862,-0.00673990970941241,0.00286091230327457,-0.00451047870464527,-0.00545623308562337,-0.00738192951674133,-0.00743411248857806
"1409","8/3/12",0.00284172294859464,0.019610582761832,0.0160386028346546,0.0239837916265819,0.0199422845623376,0.0126916689959997,0.00780628073398937,0.0209003070589433,0.0233161920004221,0.0125403045951942,0.0221427118357442
"1410","8/6/12",0.00680079837634939,0.00455922091344063,-0.00187643315291952,0.00323402068008161,0.0119628962745615,-0.00235757685246007,-0.00104240155792146,0.00801722119542791,0.00134012231339953,0.000719938791066355,0.000637172707527167
"1411","8/7/12",-0.00900651529089558,0.0121968774418739,-0.00497673823344325,0.0148481176548798,0.00940647489301516,-0.00858199125152792,-0.0117808976206736,0.0100838716315301,0.00981583378554984,0.00014403971744037,0.00445707736236001
"1412","8/8/12",0.00979852645757795,-0.00196176651899294,0.00644648282814275,0.000866328772718195,0.00239271388748064,0.000125570128443497,-0.00679024510572801,0.000984176414189797,-0.0004418790257813,0.00100706953034457,0.000317170226392216
"1413","8/9/12",-0.000843787988532907,-0.000842004411769404,-0.00375472170036839,0.00567424966737606,0.00439673531556606,0.000752536127809567,-0.00319041137578979,0.00379260872704901,0.00206266275075451,-0.000143699688957777,-0.000950520017451884
"1414","8/10/12",0.00942989958002483,-0.000562405994014026,-0.000332794139115355,0.00344244899038526,0.00150103845680372,0.00313330934342049,0.00137179071205029,0.00293893979965842,0.00279334067423131,0.00474432517520085,0.00158576776875652
"1415","8/13/12",-0.000557553999702587,0.000140642018384707,-0.000221645189368846,-0.00571793697501755,-0.0063696372567017,-0.00237388519465531,-0.000760913925822782,0.00139529195409804,-0.0023456241510772,-0.0028617178560757,0
"1416","8/14/12",0.00139487302143704,0.000983830804258234,0.00377106925868831,9.58693318187098e-05,-0.00427306516150194,0.000876960199474475,-0.00213250861010017,-0.00306564188560532,-0.000734899745750806,0.00358741348532265,-0.00031672389500248
"1417","8/15/12",0.00682645522422498,0.0033702749213369,0.0017679211399515,-0.000575126492152744,0.00504911249034223,-0.00375414395662532,0.00457929106832178,0.00293499921067819,0.00294161073120103,0.00371726130489103,0.00380105714171686
"1418","8/16/12",-0.00442794750104003,0.0102173362369702,0.00198525960064355,0.010069307918245,0.0145689124580306,-0.00238713577378025,0.00759736796838673,0.014911020980735,0.0105586324716032,-0.00299134984538041,0.00536460592254628
"1419","8/17/12",0.00430877709880773,0.00581856991317231,0.00121109900866889,-0.00208887401057145,0.00111418336302371,-0.00151071051071094,0.000301837694428597,0.00631588471610911,0.00565969057362348,-0.00314328827984456,0.00345251788436385
"1420","8/20/12",-0.00844163544027843,-0.00550977522662099,-0.000439616165044843,-0.0030443367284243,-0.00173101047426305,0.000756458393390558,-0.00286447378800658,0.00177399898142938,-0.00274157243710038,0.000859631575988784,0.00281527655607783
"1421","8/21/12",-0.00628060023228072,-0.000553683291392826,-0.00451010397638263,-0.00305362161192668,-0.000123844816877106,-0.00642621064630278,0.00211687065941724,-0.00476703938963541,-0.00202596530018229,-0.0015749377168931,0.00218333783934188
"1422","8/22/12",-0.00969132216427271,0.00277133510713634,-0.00309393459460006,0.00287133296000897,0.00681347333735416,-0.00228309331490939,-0.000603608301645853,0.00109482894518331,-0.00449448938606722,0,-0.0024900615698088
"1423","8/23/12",-0.0028361987759582,-0.00677144718981648,-0.00753701688192121,-0.0114536798771548,-0.0139038363379186,-0.0100416085576558,-0.00301918370037568,-0.00874906775981898,-0.00786487241123202,-0.00172141371009982,-0.00873632836399985
"1424","8/24/12",0.0106669035472813,0.00626103540171608,0.00826451672707407,0.00617954235644236,-0.00162223566788744,0.00449416572345074,0.00333125783957366,0.00399954481961262,0.0035229993639414,0.00818969768625299,0.00566596330669822
"1425","8/27/12",-0.00591028355235257,-0.000967641679552433,0.00121820071579615,-0.00134362442401692,-0.00574925792901959,0.00191709252710393,0.00301821209567033,0.00137306457069153,-0.00234088001856181,0.0011400978120395,-0.000626147834718038
"1426","8/28/12",-0.000991268545093571,0.00207587803457288,0.00232333445894062,0.00163348317856693,-0.00201165883504528,-0.00165845642745843,0.00346092436780299,-0.000274143581915465,-0.00161268105322798,-0.000569407584844361,0.000626540141470899
"1427","8/29/12",0.00751028533188802,0.00511066829594475,-0.00176618076719748,-0.00556380166808357,0.00340117397577377,-0.00115010663095838,-0.000299819472052931,0.0017838740029632,-0.000293347611171946,0.00341862760804323,0.00375570498905597
"1428","8/30/12",-0.00661032382868421,-0.00439739572465581,-0.00508597121686383,-0.011865872216995,-0.00941531009516505,-0.00422225174016833,-0.0022501259434472,-0.0126010750233946,-0.00896161717706723,-0.00354882246592791,-0.00467716369091586
"1429","8/31/12",0.00283166447910665,0.00345067050069781,0.00188924662561862,0.0089816582725859,0.0119124582848553,-0.00179842340680136,0.00315705733830085,0.00749030851837018,0.00592956092899821,0.00398844027448431,0.00438600721186
"1430","9/4/12",0.00663566337397481,-0.000825447182181249,0.00410419834805342,-0.00580535197112131,-0.010269088656361,0.00476214511249706,0.00704309441418749,0.000550896255663069,-0.00560003268198472,0.00368915754249333,0.00405476517365355
"1431","9/5/12",0.00532974451341306,0.00234030604725532,-0.00243033807496784,-0.00204380700600304,0.00278354188353225,-0.00358684595189318,-0.00178561999326099,-0.00110073547710166,-0.0031120195590566,0.000282396465803192,-0.00155304113283683
"1432","9/6/12",0.0138112892707511,0.0221124344440518,0.0136213836966386,0.0203823492314756,0.0243534012280378,0.0120853879537977,0.00894476254545973,0.0235570897752058,0.0228930003905921,0.0158283330911069,0.0205348501161893
"1433","9/7/12",-0.0026148059762664,0.00685298913558774,-0.00699240507703636,0.0174901060319432,0.0192164823338363,-0.00381111940531376,0.000886262218530831,-0.000269330340108342,0.00842889508806755,-0.000138958882793916,0.00945128969749964
"1434","9/10/12",0.00275971811814824,-0.00266933953362158,-0.00132002139256637,-0.00497831511345492,-0.000845992445100308,-0.000127394816953674,-0.00782393274764004,-0.0122506936294777,-0.00417925401964336,-0.00347882863787496,-0.00755065006688449
"1435","9/11/12",0.00275165609796502,0,-0.00220355775180914,0.0101008554726623,0.00290317777908911,-0.00306090143694315,0.00297584656198713,0.00190785626579704,0.00405200910893999,0,0.00760809613850144
"1436","9/12/12",0.0102908905763386,0.00455004627656397,-0.00541015442481818,0.00457956210886423,-0.000361889932523396,-0.00524488720143157,0.0020768510421767,0.00408113149121636,0.0049005791153558,0.000140048568239681,0.00453018265691507
"1437","9/13/12",0.0116799846581217,0.0115891555377687,0.0166517329063347,0.0193506857544232,0.0247344180238374,0.0136313915777133,0.0122870138324334,0.0143613212028828,0.0100401433276562,0.0110291050511282,0.0207460596050382
"1438","9/14/12",-0.0114108733980107,0.00684722145533789,-0.00611480487352967,0.0151501578306397,0.0124811974735148,-0.00735819493764545,0.00555729381845382,0.00975010526458431,0.00724235535734064,-0.00303816719045358,0.00971982834465202
"1439","9/17/12",0.00298749804693776,-0.00588529316749586,0.00109885135548637,-0.00890056838997144,-0.0153509773121414,-0.00536812329699854,-0.00290884152677184,-0.00119053953360571,-0.00606225720434572,0.0045707262066994,-0.0102098182618432
"1440","9/18/12",0.00338491292646492,-0.00434168077405994,0.00592632707632523,-0.00907096953603959,-0.00377921643292634,-0.00257017885811595,-0.00948055547222837,0,-0.000709192106655432,0.00468787135682813,-0.00383156287695863
"1441","9/19/12",0.0102549935108418,0.0093817665447018,0.00305458306319406,-0.00878811413107172,0.00687598149031432,0.000772896076620011,-0.00559575469397344,-0.000926842924600102,0.00340672477223425,0.000548753049321782,-0.00118348219914655
"1442","9/20/12",0.00307193334943978,-0.00196360489058423,0.00467696692117348,0.00332457770487737,-0.00282562711560908,0.00360476548122057,-0.0148082158354025,-0.00331370138360598,-0.00792181697280747,0.00384007224954219,-0.00681293326809485
"1443","9/21/12",0.013315507890719,-0.000655673888260266,-0.00357261025189615,0.00211729767523505,-0.00330628304250613,0.000769412108008849,0.000150240384615419,0.00159554798553052,-0.00171132858765632,0.00505548157141988,-0.00238558110342624
"1444","9/24/12",-0.000919817133945289,-0.00472512558763527,0.0021729579523162,-0.0056031166928423,-0.00379104676291731,0.0110309985695471,-0.00371128478559779,-0.00929457921097709,-0.00242835321880785,-0.000135890218576185,-0.000691777624216794
"1445","9/25/12",-0.00762889713101833,-0.0108136850828553,-0.00704687864852283,-0.0108996769912536,-0.0166487454077995,-0.00345796337469351,-0.0147481813502004,-0.0162178173724652,-0.0133160742159373,-0.00163172902648012,-0.013542208098333
"1446","9/26/12",-0.0017226940810402,-0.00653287898430877,-0.000764324158743501,-0.0102727543919734,-0.00435356753145444,0.00231365010778162,-0.000154333682495955,-0.00831055782504297,-0.00449864989968585,-0.00571965721770884,-0.00732127838023544
"1447","9/27/12",0.00650568185610867,0.010467325056623,0.00393361341918474,0.0140591366302039,0.0128747130313276,-0.00461570768618202,0.00432131977656702,0.0156613785194837,0.00991258301141529,0.00712262057496349,0.00952660350256851
"1448","9/28/12",-0.0100252135796099,-0.00424964830803554,-0.0032652041149448,-0.0045591120417694,-0.00587562327731705,0.00437941809857101,-0.00153646846734945,-0.0071689016588673,-0.0030310496305459,-0.00435233008600333,-0.00273965467544079
"1449","10/1/12",-0.000266474549084572,-0.000133420458205857,0.00677004499701606,0.00467391175283494,0.0018094464225844,-0.00525799588474918,-0.00738814708931135,-0.00354256121970875,0.00376428755068337,0.00628363733660287,0.00366304691325436
"1450","10/2/12",0.00186595305514392,-0.000666898326856402,0.00097625092255571,9.27927536886752e-05,-0.00421472421892444,0.00477016223596305,0.00759815246687157,0.00273473735332397,0.00014428768113528,0.00515801819551065,0.00243294564443386
"1451","10/3/12",0.00266064190462756,0.0062734381914844,0.00260039550159807,-0.0128383972583032,-0.00399013609918286,0.00538872476713737,0.00200041584225374,0.00340870448774955,0.00403793451334544,0.00688735602188983,0.00697820392078485
"1452","10/4/12",0.00464374708366,0.00994799174439587,0.00443114265058453,0.0107435038857824,0.0128684758900564,0.00612519730658856,-0.000306975568721168,0.00231026895283848,0.00718195463594062,0.00643756856857203,0.0126544612291415
"1453","10/5/12",0.00581104807107602,0.00249563282285936,0.00290512473411786,-0.00298358092329265,0.00359611112121216,-0.00139494911121496,0.00122918883379852,-0.0066434112832664,0.00156876517472981,0.000266655327470389,0.000595338816602009
"1454","10/8/12",-0.00853478493041071,-0.00327528096297591,-0.00278934842441791,0.0012156622083519,-0.0029858454700632,0.000762344508567825,-0.00214852541359933,-0.0107818646918494,-0.00213598173878382,-0.00213173349481399,-0.00148695406281152
"1455","10/9/12",-0.0135081929337117,-0.0145899450143913,-0.00968284792073004,0.00158803004868546,-0.00934368517901329,-0.00139656165817026,-0.00369038282456968,-0.0126931140674664,-0.0121289908722649,-0.0132174394817329,-0.00744479167803036
"1456","10/10/12",-0.00308762169351551,-0.00520202668533776,-0.00336778421222383,-0.0176258946986446,-0.00931037764241638,-0.00228745715247636,0.00401288903441621,-0.00517055769272023,-0.00736686040735091,-0.00865942872834968,0.00119986087184465
"1457","10/11/12",0.0107729669593073,-0.00214529311419731,-0.00337896918619596,0.00825916558217021,0.00463791526693269,0.00127342834847988,-0.000768541016634927,-0.00252833430005195,0.00363807344231803,0.00382155148324603,0.00449534741753022
"1458","10/12/12",-0.00905956317999224,-0.000671708898302037,0.00142178073012689,-0.00593170008075405,-0.00631755116339006,-0.00610660826688414,-0.00353861091038266,0.00126747903772251,-0.00043484288833695,-0.00231121247869392,-0.0134250781952691
"1459","10/15/12",0.000134530399848565,0.00968120958096064,0.00557024857632027,0.00492516493982942,0.0085584530106837,0.00512019982563339,0.00663893561407236,0.00604752179304913,0.00725248131986489,0.012128298063995,0.00997874445966462
"1460","10/16/12",-0.0025541455108854,0.00932190319710036,0.00347554783915127,0.0149858784772243,0.0212147006818642,0.0039480498062987,0.00613494989069929,0.0167763708487705,0.00993692777677913,0.00996394908096732,0.00568879275842393
"1461","10/17/12",0.00606501325055198,0.00554174266605689,0.00400469180036822,0.0121646288957775,0.00949655250444903,0.0123050358033348,-0.00274390783774581,-0.00714961177981266,0.00769982217742426,0.000666581363230279,0.0116105316318436
"1462","10/18/12",0.00482241027300945,0.00170579509188706,-0.00355737108101961,0.000642113997588512,0.00129350556632502,0.00338369268588257,0.0102415957726028,-0.014679530824555,0.00212244225267888,-0.00226481989510163,0.0017656984631782
"1463","10/19/12",-0.0191976011846081,-0.0163739729537228,-0.0128746229589012,-0.0162280912660354,-0.0185553893849331,-0.0068693287712136,-0.00832191357353806,-0.0224876192586134,-0.017791584741498,-0.0180263138089897,-0.0120443283527968
"1464","10/22/12",-0.0088351984849534,-0.00412830756209437,0.000328631360494658,-0.00587144351108204,0.00215365638238518,-0.00414971992785618,-0.00503512566547348,0.00790795499298746,-0.00287510337763663,-0.000680370565289246,-0.000297661444629282
"1465","10/23/12",-0.0104222809093123,-0.00815760839314683,-0.0130381512650775,-0.0227806994876161,-0.0245965457263418,-0.00896566258327813,-0.0101211322135308,-0.00984318358797254,-0.00865052372794417,-0.0127903070064497,-0.0136823247990043
"1466","10/24/12",0.001108465288987,-0.00417939753372354,-0.000555059531742952,-0.00719479288802871,-0.00159166570862812,-0.00522430648934225,-0.000774799699389983,-0.00576273524470305,-0.00523556866913055,-0.000413953956261204,0.000603280681792162
"1467","10/25/12",-0.00705949669730355,-0.00243710789432294,0.00644209391451844,0.00879336207077519,-0.000245070619503518,0.00333028101765853,-0.00279047902767793,-0.00159401430845485,0.00233876458603954,0.00799796284804488,0.00180833940713421
"1468","10/26/12",0.00599457744281473,0.000814468242356536,-0.00331077230663845,0.00114906520441393,0.00134881642146434,0.000510687055579551,-0.00870673355362261,0.00217715215678171,0.000583666049839504,-0.00410406471592062,-0.00571610575112225
"1469","10/31/12",-0.00512739878258506,0.00813665425678667,0.00332176993053346,-0.0013393880456638,0.000490246954460982,0.00803869846076632,0.00972416864697512,-0.00608276077475278,0.00743469768653138,-0.00782942238198792,0.0069590626123901
"1470","11/1/12",0.00947208105492225,0.0133170946315078,0.00154528723911529,0.00661051078496011,0.0217894113267825,-0.00822816571240981,0.00481520883849562,0.0190878028726307,0.0180868562620655,0.00830653581117025,0.00991591463824637
"1471","11/2/12",-0.00689955140818366,-0.00305314460189698,-0.00617092753705528,-0.0169411785418586,-0.0200071282523476,-0.00701944898977525,0.00664708367920186,-0.014154855185837,-0.00866983408917354,-0.00686535562434898,-0.00565318007161186
"1472","11/5/12",-0.00264002894085769,0.00199721693478061,-0.00188475522354781,0.00784237867500148,0.00696820366975892,-0.0151667926115437,-0.00660319171134682,0.00725172171387767,0.00530493768352525,0.0035945549959977,-0.00179504715271028
"1473","11/6/12",-0.000696368721144092,0.00691022732032542,0.00655386872319896,0.0148893143141224,0.00898395658505269,0.002218394847461,0.00432830470946288,0.00633561466568699,0.0111238565316794,0.00220451311033298,0.0107911172690172
"1474","11/7/12",-0.0241183008825503,-0.0135933462632957,-0.0112570108130291,-0.0283957021160841,-0.0147996838196629,-0.0221383036501261,-0.00446352033529407,-0.026327194057981,-0.0220028593525983,-0.0170447725636074,-0.0320284452572929
"1475","11/8/12",-0.00814283637539981,-0.0169925592586808,-0.0108270783885227,-0.0168533208885414,-0.0144113376334604,-0.00173114002564756,-0.0119048047627517,-0.0141073972831675,-0.0112493638124065,-0.0118866213244261,-0.00796539726777978
"1476","11/9/12",-0.0014404384833272,-0.00176953086923126,0.000564406331417633,-9.90968310790041e-05,-0.00185844797132062,-0.00626966861568357,-0.00266012701792595,0.00491866966448251,0.00160484173803566,0.00325518573232109,0.0015439349685864
"1477","11/12/12",0.00259630097815977,-0.00218132552168382,-0.000564087956603454,0.000594403071124239,-0.00161420608394458,-0.00926328264404208,-0.00235317393968537,-0.00326318184956798,0.00334947182974998,0.00366769566109193,-0.000308395175494192
"1478","11/13/12",-0.00258957765516066,0.00150289842659834,-0.000564096292114624,-0.00564513158809143,-0.0026114220995862,0.00406500204745508,-0.0007864345644093,-0.00610090434247557,-0.00420922167511106,-0.00281102429363056,-0.00616889386659425
"1479","11/14/12",-0.0115389522922624,-0.0166462385659016,-0.0103872423913065,-0.0121512526549054,-0.0185760825828825,-0.00877193100554152,-0.018728350153064,-0.0106303478252958,-0.0231745111425838,-0.0135305793527802,-0.0198635297725023
"1480","11/15/12",-0.00846339045907762,-0.00194259089897242,-0.0011409913203867,-0.000201779170090566,-0.00647887195525287,-0.00639902009014848,-0.00465110282896142,-0.00559936707085373,-0.00104436941850883,-0.00328629896924348,0.00221665491710943
"1481","11/16/12",0.00132427406137592,0.00820253786107061,0.00685316764464017,0.00544576280478037,0.00409179760041245,0.0119213729377006,0.0061231231211496,0.00410909901454914,0.00283807510090472,0.00903079431896447,0.00821483834809045
"1482","11/19/12",0.020576199878841,0.0227522217094813,0.0167898793429304,0.0235708641413248,0.0289057891792202,0.000676737595584065,0.0123316524865631,0.0269779079100145,0.0193625093262808,0.0119339187547545,0.0169225437269314
"1483","11/20/12",-0.00619234117402945,0.004718715234864,0.0023426208629016,-0.00421366326685191,0.000247915004445876,-0.00148831533500382,0.00743570857137255,-0.00487022689458705,0.00116876507611474,0.00547468603602086,0.00677963570304541
"1484","11/21/12",0.00724533427825724,0.00308699506228183,0.00300548872776507,0.0049204398344771,0.00148455357787847,-0.00352371574192478,-0.00172744647142964,0.00489406208738896,0.00248109266675423,0.00181539535091724,0
"1485","11/23/12",0.0132354202174176,0.0120398345209427,0.0136498132376774,0.0135133283404889,0.0147021307762947,-0.00258417574199532,0.00739359893997626,0.0156432243662081,0.0119375835497586,0.0108712043617449,0.0110194138294479
"1486","11/26/12",-0.00482740514565694,-0.0037013368329899,-0.00613037538323447,-0.00869571181034967,-0.000121524359687153,0.0137718429075269,0.00202994268168744,0.00668407331400855,0.00172639752763515,-0.0046876432535875,-0.00151386191817182
"1487","11/27/12",-0.00271062637342101,-0.00252057502309799,0.000220061697020268,-0.0088692084731854,-0.002435501745919,0.00242094212807609,-0.00561021097554526,-0.00375288714061839,-0.00157969102175426,-0.00512550992194372,-0.00909642558840862
"1488","11/28/12",0.00572245476706978,0.012768970638803,0.0095815829715431,0.010522106728827,0.00317386267098407,0.0046962519984759,-0.00125370152230408,0.00709940057062108,0.00848665585484198,0.00668327631531596,0.00428394651113773
"1489","11/29/12",0.0113795210137777,0.00367751733258248,0.00458117290625215,0.00262722841612639,0.00766608003080105,0.00627651596300272,0.00549191700576568,0.00474755128532567,0.00613346825310002,0.00843722738371278,0.00639864755251929
"1490","11/30/12",0.00182856798585762,-0.000392403042604461,0.0026065496708072,-0.000388292783522148,0.000603809025603308,0.00849383138906701,0.00202859370285191,-0.0017181326156559,-0.000567234475210454,0.000274112585088027,-0.00151386191817182
"1491","12/3/12",0.000280694733140185,-0.00418902472502924,-0.00227460750392761,-0.00582564474382175,-0.0164132242911647,-0.00513238582520747,0.0040493834485682,-0.00243827166386135,-0.00950358933777185,-0.00233074008491374,-0.00181920232788357
"1492","12/4/12",-0.00154353776025029,-0.00407522441078367,-0.00162830325496988,-0.00253921191541595,0.00282219442188647,-0.00410054003177929,0.00155097138798865,-0.000862938411725911,0.00386663853447566,0.000687088304672123,-0.00273396685731742
"1493","12/5/12",0.000421230132981565,-0.00501573457481974,0.000978588359404453,0.00930190196334268,-0.00880963246113387,0.0130161483398812,-0.00309707807957316,-0.0102170780341559,0.00798866947386112,0.00370828373935361,0.0103563297531908
"1494","12/6/12",0.000843288823940691,0.00822473380473543,0.00108634679252551,0.00339536236521853,0.00271572079204629,-0.000262076736016081,0.00932091680741509,0.00668802319900874,0.00155666381500374,0.000547402671669195,0.00301480795467546
"1495","12/7/12",0.000842295951277938,0.00250033102540614,0.0062933854751781,0.00618755920636649,0.00763265393577628,0.000655944178476586,0.00369403304745619,-0.00462187220930821,0.00438028604571916,0.00164108329507995,0.00661253907042636
"1496","12/10/12",-0.00322626895616152,-0.00525036056390837,-0.00150979558622388,-0.001056956326561,0.00720835927448693,0.000524143321082748,-0.000459888237636097,0.00391784198575551,0.00534604273661698,0.00518842260215546,-0.00179160069466822
"1497","12/11/12",0.0108359708951917,0.00343059777260879,0.00248400919884517,0.00509821660353627,0.00703528610741122,0.00196498965779868,0.00245439726649521,0.0144530077542837,0.00335840066127036,0.0107309665909132,0.00448707475334964
"1498","12/12/12",0.00849236329152059,0.000263101008504796,-0.00290877303995807,0.00315819181798971,-0.00228867058205495,-0.000915143564461096,-0.00275468560105485,-0.00427404438104162,0.00111586223463034,-0.00201601684614505,0.00268016430417806
"1499","12/13/12",0.000966238344436654,-0.00486387227051999,-0.00237707100444717,-0.00896760704104316,-0.00531220951903821,-0.00392581586724039,-0.0076732835383474,-0.0072973959208813,-0.00362217028514444,-0.00848378426344287,-0.0056430380168554
"1500","12/14/12",-0.00151706237980154,-0.00343480613023728,-0.00162402336438872,-0.00365812536190846,0.00764675127462322,-0.00354678462021796,-0.00015452540517702,-0.00864795045464395,-0.000699030280453372,-0.00407429865306597,-0.0035841016285737
"1501","12/17/12",0.00704417225910925,0.0172320733670808,0.00227797127258156,0.00869579263077291,0.00975686738590409,0.0152931120765194,0.00525866412561449,0.0129398816617832,0.00867484832017862,0.00722753754631333,0.0191843979382944
"1502","12/18/12",0.00562338498179327,0.0115978097309879,0.00108214244915583,0.0178158560627915,0.0122865317633729,0.00675230607604238,0.0103093793536913,0.016793436872631,0.0134556777404486,0.00880064503618017,0.013823760537877
"1503","12/19/12",-0.00641017410194267,-0.00425086570029587,-0.0097297485640131,-0.00649355425200748,-0.00365313975809456,-0.00748098537779684,-0.00137063008351201,-0.00324699216221713,-0.00424353302260583,-0.00926066250781621,-0.00464147447271557
"1504","12/20/12",0.00268527896001736,0.00252124870113257,0.00551617196421872,0.00699024316242713,0.00832750301444629,0.00312542625986501,0.0131156495800056,0.000473176527477692,0.00488399810658535,0.00121162212360759,0.0119494082958549
"1505","12/21/12",-0.00751024634857267,-0.00943136909777698,-0.0102791648204037,-0.010546748628677,-0.0062145085587223,-0.00327271677479624,-0.00165579694488616,-0.00845174448888986,-0.00586529993482143,-0.00687689022965621,-0.0103685899819906
"1506","12/24/12",-0.00299820642652382,0.000396867885456453,-0.00338672356608971,-0.00881776907099063,0.00324671449365965,-0.00472834501052344,0.00132755260297013,-0.00375632754651622,-0.00351163990126313,-0.00360023455003522,-0.00102751187633277
"1507","12/26/12",-0.00171838316101358,-0.0109719039767376,-0.0075896066878427,-0.00254179175389602,0.00431576160392577,-0.00870924283488184,-0.0047245956951808,-0.00565529054169478,-0.00366543292076382,-0.0045868374010003,-0.00146918978725663
"1508","12/27/12",0.000286797275906636,0.0017377348874883,0.0011414732250854,-0.00225421667929593,-0.00322291859911739,-0.0021297986099813,0.00367546293998111,-0.00145814877636352,-0.000707128662423284,-0.00139616505857088,-0.00235422211854164
"1509","12/28/12",-0.00932182644241708,-0.006004241778089,-0.00820899572760159,-0.0158152136370564,-0.0113759891052793,-0.00920524690265545,-0.00656123647517026,-0.010807670186231,-0.0101938100030323,-0.0102068082983297,-0.00796441977802687
"1510","12/31/12",0.0134626571658936,0.0183893130936061,0.0104612260039445,0.0206605025868531,0.0199856390960054,0.0138683365677847,0.0105976396514662,0.0203748417179395,0.0191674682766212,0.0124311622207811,0.0139751845476295
"1511","1/2/13",0.0184260994387517,0.0213523519370264,0.0262797378848412,0.0233719502179273,0.0264814118480876,0.0197876511470985,0.0124619966228439,0.0308206663657684,0.0238594291474801,0.020929238026647,0.0272727465171301
"1512","1/3/13",0.000981678396537067,0.00477485812966849,-0.00188452825375629,0.000382231442919823,-0.00670979423314177,-0.00104177248436577,-0.000150186331135727,-0.00589562007935018,0.00109672949768425,0.000273110194825232,-0.000856407303423956
"1513","1/4/13",0.00658547836098733,0.00333946589110479,0.0033318079832898,0.010507471629672,0.0124619674431261,0.00560566223334336,0.00465397797650424,-0.00437733513008443,0.00739419781557449,0.0056022041863506,0.0120003336013015
"1514","1/7/13",0.00236642860337555,-0.00281633106964541,-0.00730556462893639,-0.00680624471711555,-0.00195550754973872,-0.0115375820115187,0.00224158882700443,-0.00155983376003621,-0.00394172093541867,0.00394007897908044,-0.00282332153642928
"1515","1/8/13",-0.0159700792862356,-0.0023106942029173,-0.00223016039693613,-0.0019985653374357,0.000576492099850778,-0.00157407332777293,-0.00193837305029509,-0.00255703456335998,-0.00627728708498154,0.000135437406728167,-0.00226500110570815
"1516","1/9/13",0.00649166705281945,0.00347429849726444,0.00268231685548126,-0.0017166190861011,0.00610513852907801,-0.00236423262789842,0.00283822955567858,0.00341765393944282,0.00810211251401771,0.011366391883278,-0.000567695777027755
"1517","1/10/13",0.00490754353209955,0.00397492092127716,0.0057955335044737,0.00945743293896806,0.00320557198781768,0.00447686321117668,0.00104287222690291,0.00454189690225015,0.00449536148560803,0.00602121916139331,0.0102211578707692
"1518","1/11/13",-0.00223251371820743,0.000638401479393425,0.00265962383528362,0.00132475228186357,-0.00136917175581786,0.00196638193633958,-0.000595192873204975,0.00367324718402129,-0.00284787958162869,-0.00119698137765034,-0.00168592591531203
"1519","1/14/13",-0.00922951230950886,0.00216943429299921,0.00464198612715538,-0.00113405667211885,0.000342617563721781,-0.00130840777479302,0.00282899016765326,-0.00577153262992436,0.00176804052923574,0.00266293765816017,-0.00197062157886363
"1520","1/15/13",-0.00733952558349804,0.00713219125370723,0.00330009397534869,0.00492012444991308,0.000685681783693548,0.0032747956497996,0.0047514787050531,-0.00495545686337839,0.00339405154778216,-0.000796601068865144,0.00394899337528565
"1521","1/16/13",-0.00838902772559103,-0.0030350305957384,-0.00131561675643366,0.00263636493591601,-0.00662199400466201,-0.00600636112096375,-0.00118227143702965,0.00498013571106837,-0.00432995116329227,-0.00332277389377966,-0.000562239796524922
"1522","1/17/13",0.00774310502002451,0.0110351032754279,0.00746585357678287,0.00723079154646666,0.00953932024714677,0.00578014489404888,0.00310684274595951,0.00538031541622286,0.0108711451570991,0.00946769384313417,0.00196801088113663
"1523","1/18/13",0.0046955557755668,0.00175633649188334,0.00370541563646754,0.00829753159393021,0.00409821297003021,0.00744403595754206,0.00427722493796323,-0.00337987460950795,0.00873781071320434,0.00330246900839248,0.00140332721753178
"1524","1/22/13",0.0100552131612632,0.00137769760613327,-0.000108656840875243,0.0102634328879045,0.00805015340657622,0.00998178167063735,0.00514059567932801,0.00226088619054465,0.00413076142538449,0.00395026120206432,0.00868592045120642
"1525","1/23/13",0.00140202394817757,0.00112548042601968,-0.000434208204819542,-0.00384399503013721,-0.00247459849188281,-0.0034656652872086,-0.000292460875191858,0.0108555346278605,0.000132861083208979,-0.00196714556544186,-0.000278027856987606
"1526","1/24/13",0.0009802841570965,0.00699566906262183,0.00325905438115548,0.00303198580156261,0.00135303371466233,0.00476566500967279,0.00204615334113867,-0.0156207037140302,0.00650225112118163,0.00657000488959447,0.00305627373973527
"1527","1/25/13",-0.00209828966232195,0.0102966071969515,0.00498106386749608,0.00897686588706237,0.00270243631688816,0.00410206291837856,0.00568832413049236,0.0024089271264871,0.00566886094678987,0.008094064324498,0.00470928969544238
"1528","1/28/13",0.00182220193014304,-0.00368370710765054,0.00075414138009644,-0.00290514548116683,-0.00875913299750564,-0.00114895404785653,0.00261079472949732,0.003392173492615,0,-0.00401438366520135,-0.00385965250533016
"1529","1/29/13",0.0107737637551331,-0.00406730234304764,0.00506019773619615,0.0151142701781355,0.0047580931474438,0.00894679002647303,0.00289333123334035,-0.00352159676013086,0.00249122391549328,0.00936136066304449,0.00525849575085635
"1530","1/30/13",-0.00844391059429905,-0.00321714269296947,-0.00182125081439732,-0.00627871298524407,-0.00789271992929097,0.000253509950476571,-0.00951998420737965,-0.00155511270124387,-0.00889244847528003,-0.00399307045737118,-0.00385433911662758
"1531","1/31/13",0.0083763811352251,-0.00111765295190247,-0.00107285369215637,-0.00306880313714597,-0.00522788939174468,0.00316613320275128,-0.00597033389439727,0.000141624605802138,-0.00211138284874535,-0.00258649397458666,-0.00110595498274413
"1532","2/1/13",0.0143982945456704,0.00546872925309283,0.00773521229002005,0.00914437369205734,0.0115392053861265,0.00328249449639273,0.00585976723808135,0.0111838596818861,0.010181453034648,0.00829871963298801,0.0132817531760645
"1533","2/4/13",-0.00873488445817172,-0.013473247519917,-0.00863539515553491,-0.00906151184156301,-0.0102780588937503,-0.00679490986694409,-0.00233044903320201,-0.0152599875643863,-0.0107329349411797,-0.0111881850390476,-0.0106497142513943
"1534","2/5/13",0.00247852335429322,0.0105251520054002,0.0109691090696564,0.00814841911928754,0.00536339409756992,0.00253354365518987,-0.0023355321997065,0.013363612080707,0.0103200977374689,0.0107944328197791,0.0102124795721459
"1535","2/6/13",0,0.00235545017669736,0.00180826655117805,0.000449129914502411,0.00283792885897816,0.00265387238355741,0.00351173725420972,-0.000280424241644206,0.00091676558860887,0.000128777076395803,0.00355187485537201
"1536","2/7/13",-0.0024723954643936,-0.00321625646435408,0.00371627467849267,-0.00260308103769158,-0.00464065999863783,0.0023950360968743,-0.00422855823783941,0.000280502901457647,-0.000915925899262815,-0.00373105310743638,-0.00381140664421309
"1537","2/8/13",0.000413285071097835,0.00843893061928336,-0.000423282819455251,0.00891004981372534,0.00557205832509888,0.000502792880848979,0.00922512185341473,0.0099607477150907,0.00405970413341894,0.00658567531794141,0.00382598904427711
"1538","2/11/13",-0.00206431825396647,-0.00295320905678476,-0.000740536501250388,-0.00597707641973988,-0.00124401528478324,0.00213642401712888,0.00145110214249633,0.000972239251397555,0,-0.0020526418467024,0.00326674012003103
"1539","2/12/13",0.00179273202308772,0.00493651376950432,-0.000847539476315773,0.00206415043232666,0.00181158118527125,0.00438911383262575,0.00753379555085254,-0.00374691913581904,0.00404327508194546,-0.00141378092782662,0.00732738782258813
"1540","2/13/13",-0.00137647968013255,0.000614549592484526,0.000954150746466542,0.00394073198399414,0.00282544761148595,-0.00037466612302206,-0.000574940647158018,-0.000278311985843827,0.00662507648607513,0.000514842710858554,-0.00134710168037999
"1541","2/14/13",-0.015026301237511,0,0.00222385661147673,0.00767165254723845,-0.00112709369781328,-0.00699426172173367,-0.00417275137584228,0.00208990390380825,0.0014194044987943,0.00167281757304472,0.0026977463435065
"1542","2/15/13",0.00265885225211204,0.000613548021536348,0.00169068495523805,-0.0112428809102737,-0.00112826390266252,0.00213828919850689,0.000433641726448775,-0.000834326059319102,0.00128892796857283,0.00102753441845871,-0.00295940034811726
"1543","2/19/13",0.00711912383237556,0.00417086359057905,0.0105484409291288,0.0117287018286079,-0.0021462079678749,0.0095392520946298,0.00794329221150925,0.00584463406894287,0.00836513777182102,0.00641603054296036,0.00836464534994463
"1544","2/20/13",-0.00803879564507992,-0.0163696208688021,-0.0026096286366496,-0.0199999284099397,-0.0309030369693637,-0.00348134885048501,-0.00644775553245147,-0.0153568601863135,-0.0146775152961691,-0.00714015888186825,-0.0141823533475685
"1545","2/21/13",-0.00209594437283445,-0.009686806274395,0.00240698944405482,-0.00776594350335591,-0.00852735585184117,-0.00436690797279005,-0.00749938236962389,-0.0105381916053705,-0.00816061066706208,-0.00475161601819241,-0.0084150871061035
"1546","2/22/13",0.00952121071885936,0.00689720240281555,0.00480278309964666,0.010556905259969,0.0136663329744795,0.0104009421429907,0.0100261808656352,0.0116445727129912,0.00875019386702247,0.0059352974066631,0.0114975044422936
"1547","2/25/13",-0.00915385232717059,-0.0159421487333814,-0.012884614744425,-0.0259367892638115,-0.0231284497798528,-0.0112858659209756,-0.0189900117709751,-0.0147388610251924,-0.0203264360461488,-0.0130833874191175,-0.0246275586825196
"1548","2/26/13",0.00321950689345907,0.00873303141584048,0.00263151946015516,0.00813627805876038,0.00939877451806659,0.00388827923794044,0.00689236720123509,0.00541391880164754,0.00621144059846945,0.00363906887830745,0.00638156594930028
"1549","2/27/13",0.00265099567326366,0.0154328681022344,0.00734942264990956,0.0154989778124179,0.0173270842153401,0.00987175485190184,0.00728241660227424,0.00864372422813364,0.0183869322315768,0.011007528225224,0.0132342715623077
"1550","2/28/13",-0.00264398647655406,0.000988684436509013,0.000208230976593393,0.00072242393081412,0.000231660874971062,0.00272186307468014,-0.00101241161272259,-0.00238825730374959,-0.000515904223999275,0.000384488101084157,-0.000816386284526072
"1551","3/1/13",-0.000697469925093452,0.00320930616120529,0.00291765062998239,-0.00324874071779291,-0.00127418512357724,0.00283821910495963,0.00332910056493341,0.00168992971331727,-0.00219332685555085,0.00691393014867425,0.0021784914400611
"1552","3/4/13",0.00753952645183098,0.00898253955525075,0.00706502329248959,-0.00307833459870144,0.00278340673417077,0.00898210139690003,0.00750141599122078,0.00196809424346878,-0.000387946524474048,0.00584967132007663,0.00842399001708327
"1553","3/5/13",0.00595879000155097,0.0108537555929851,0.00319821757563066,0.00708364025735997,0.00601447848833003,0.0062197766279728,0.00787534953363189,0.0148732234960842,0.014489000976438,0.00935544357701401,0.00889249571763395
"1554","3/6/13",-0.000826389984608378,-0.000241473329531172,-0.00123407672395548,0.00225472223780532,0.00977229050409401,-0.00096961132192297,-0.00298347871150861,-0.000276681258241651,0.00140268477143879,0.00137746599042776,0.00507498772532666
"1555","3/7/13",0.00372255053653281,0.00241355409682376,0,0.00467869624255601,0.00318788044532936,-0.00315437383658934,-0.00470209113238618,0.00428713716014961,0.00127335223683023,0.000125076601954488,0.00584620721739193
"1556","3/8/13",0.00673081181361157,0.00926901889937826,0.00288283920864996,0.00492557898374568,0.00942031630404916,0.00279918836618753,0.00171792918043301,0.00123926240066341,0.00979266954389346,0.00300136804422713,0.00317004596805059
"1557","3/11/13",-0.00122794420051353,0.00250505711712168,0.000102744306260005,0.000623927293553317,0.00415997563559256,0.0031555224946056,0.000857417177778652,0.00288828036872513,0.0023929117486623,0.00486294478313964,0.006321215563583
"1558","3/12/13",0.00327861009333996,-0.00285547434424394,-0.0010265510082369,0.00133591621466977,0.00156743169126261,-0.00362947010345605,-0.00371282968839837,-0.00452562747520657,-0.00490018192905772,0.00297840356497181,-0.00497248107657067
"1559","3/13/13",-0.00122550231358287,0.00465322703141857,0.00246648557673468,-0.00177878266353781,-0.00234765044687213,0.00412820748033194,0.00100335540976038,0.00013768178042306,0.00643948702060526,0.000989745615241011,0.00341933522659921
"1560","3/14/13",0.00668052426114829,0.00285047786720183,0.00389519714798436,0.0137216224309755,0.00672361258582255,0.00205566995260575,0.00630002652709361,0.00730021366696354,0.00602190823931448,0.00148265428724503,0.00629070721082692
"1561","3/15/13",-0.00717796654990022,-0.00402652919896718,-0.00418656523340011,-0.000703038017279112,0.00033388151926772,0.00699865655423149,0.00227643502123631,-0.00355521024796912,-0.000623503324946983,-0.00345538697335912,0.00338638048719031
"1562","3/18/13",0.000545692486316085,-0.006420869311067,-0.00276875406079158,-0.00800424854425241,-0.00645390657362654,-0.0059915479379884,-0.005536359774577,-0.00150942000440157,-0.00411773925013803,-0.00520124022887092,-0.0080477227956034
"1563","3/19/13",0.00272664323795291,-0.0065821901446792,0.00740353324049181,-0.0105516898324176,-0.00335968438722045,0.00204959375972757,-0.00485378014225479,-0.00316111930241825,-0.00112789735978092,-0.000124390377066352,-0.00523404456798648
"1564","3/20/13",0.000408115473350179,0.0125287142325301,0.00990131787037907,0.00618354157929679,0.00775391458169361,0.00806073549618058,0.00315609302260378,0.00689366325868379,0.00338699715386648,0.00871521825351174,0.0063137582850048
"1565","3/21/13",-0.00258244463448731,-0.0084473977385503,-0.00293121234601912,-0.00587818588471467,-0.0142730530214082,-0.00441587458456649,-0.00300288143837357,-0.0125974496585203,-0.00987639799327755,-0.00580094950536547,-0.0101960014165863
"1566","3/22/13",0.00572278033800622,0.00899911902800832,0.00861626276618543,0.0077046341244118,-0.000905117130985511,0.000895036446613151,0.00526100853470957,0.00485362971528369,0.00530332317193416,0.00595864541532998,0.00484423002318546
"1567","3/25/13",0.000541995887682001,-0.000475475966791539,-0.000502540802478468,-0.00284479983856334,-0.00611420275878027,-0.00181271219372425,0.000143740312457341,-0.00207010725339518,-0.00703388810837846,-0.00222145219211778,-0.00210721566678607
"1568","3/26/13",0.00392686473210113,0.00487797757760133,0.00955280759604249,0.0109664354495367,0.0058098941025968,0.0101671767086051,0.00862588639249662,0.00636132990830718,0.00404767403885287,0.0112555536648904,0.0063357092527756
"1569","3/27/13",-0.00647419843265296,0.00153901064318829,-0.00159386266679162,0.00273377136030306,0.000113481368657187,0.00383445655924053,0.0018527631630445,-0.00137416793917189,0.000503945797755145,0.00464774436848581,-0.00236136456480529
"1570","3/28/13",0.00665209575941028,0.00283734878399722,0.00488816302844519,-0.00342995407641322,0.0048696384783482,0.0115777516986602,0.00341421949222331,0.00316479743756415,0.00566637021268446,0.00949607490885351,0.00210369259945398
"1571","4/1/13",0.0020228374946818,-0.00742668708506422,-0.00109197213276335,-0.0020297370912743,-0.0128479170211491,-0.00271387641021481,0.00297755585644288,-0.010562067787885,-0.012269954695415,0.000241206376819791,-0.00472317249157983
"1572","4/2/13",0.00255724079229558,0.00641334713419295,0.00973947462027747,-0.00619042918874102,-0.00947606099777631,0.00402259039078712,0.00311025742792626,0.00138624092321082,-0.00469038366491348,0.0131420999549325,0.00342753137569285
"1573","4/3/13",-0.0032216532658933,-0.0102666966996791,-0.0115154558905276,-0.0172627703023303,-0.0106040098735539,-0.00447777807427696,-0.00352322970144592,-0.0076143452248969,-0.00967889307503977,-0.0078545995959276,-0.0147135274708153
"1574","4/4/13",0.00808069617611085,0.00560382224728717,0.00547626141413704,-0.000724320912784848,0.00687341478366599,0.0092329260147459,0.0162633527639204,-0.00111620448061078,0.00321521074430842,0.00395854755661529,0.00773320083477458
"1575","4/5/13",0.00494326678293255,-0.00308249100903235,-0.00663480573722031,0.000815464955043144,-0.00242969361264511,0.00422226634017853,0.00542728291833061,-0.00907840170078067,-0.00192296656611901,-0.00585465950571429,-0.00132293816400231
"1576","4/8/13",0.00864135170572178,0.00975248665345241,0.0105669989071127,0.00660937389140526,0.00313141088176949,0.00829249028958756,0.00802792038230971,0.00338284027231084,0.00693550362651929,0.00180310218074098,0.00953871499520176
"1577","4/9/13",0.00434933712954222,-0.00200235649458813,-0.00147953627638475,0.00845462454939505,0.00948093251141802,-0.00347495968842126,0.000137142781042376,0.00758552485155684,0.00204055489113486,0.00287883377970832,0.00314978520687381
"1578","4/10/13",0.0133860190955928,0.012038243823232,0.00889158690714531,0.00517294990266182,0.00790271426766354,0.00802057889723895,0.0061781398389027,0.0190992060618975,0.0142570453486914,0.0165072305087814,0.0115120362797001
"1579","4/11/13",0.0058274214815377,0.00921274842951192,0.00411261401844154,0.00363801941416497,0.00306826341369781,0.00311330788454889,0.00586684885468469,-0.00410376016073088,0.00225895905013918,0.00941418093159263,0.00284542178609604
"1580","4/12/13",0.0127460787919602,0.00450643642420356,0.00370590285836947,-0.0132612996027175,-0.0120086124639792,0.00321876907713503,0.00244172500932227,-0.00604418010767271,-0.00525927032900764,0.0015153463332982,-0.003869161503537
"1581","4/15/13",-0.0124585165479092,-0.0272632976689452,-0.0161290688229025,-0.0398709751127662,-0.0407062146597421,-0.016729600297683,-0.020703698690128,-0.0192093708076679,-0.0319737589494762,-0.020020990796514,-0.0240805854403354
"1582","4/16/13",0.00283244987616094,0.0133635230807849,0.0168871948739808,0.0107314541841692,0.0203201959013881,0.0125856102973969,0.0165816494976951,0.0146538820850861,0.014694448305467,0.0150849439938356,0.0156541019968897
"1583","4/17/13",-0.0136074937808357,-0.010503015368147,-0.0083518854066218,-0.0203119759350882,-0.0164009328542369,-0.00586928641204476,-0.0106022857188539,-0.0223576462521657,-0.0162760237745971,-0.00432959617983153,-0.0177638526616349
"1584","4/18/13",0.0101511159436865,-0.0110862415494246,-0.00127314476795781,0.00810472547986874,-0.00321590174098185,0.00312566189018737,-0.00151106542054935,-0.0146309135032741,-0.00521082923063476,-0.0125748021019454,-0.0079789063375032
"1585","4/19/13",0.0145579704704502,0.0121646752509603,0.0153953313783146,-0.0012153372922673,0.0127852955809931,0.0144261165124482,0.0154101127127777,-0.00129744650883123,0.00419047316943,0.0186859339099781,0.0126005287106028
"1586","4/22/13",0.00495239377006884,0.00424158579508216,0.00280038008016792,0.0106704216201077,0.0084945582263245,-0.00022787779220057,-0.00135530712695386,0.00851606036665098,0.000391684329121622,0.00467353687015826,0.00105945937119611
"1587","4/23/13",0.00859249001734308,0.011028921382281,0.00828191094536712,0.0113908678985903,0.00982686517856335,0.00250356581330768,0.00556290226655309,0.0138832048555779,0.0096459204836532,0.00697770740975634,0.0166621874719926
"1588","4/24/13",-0.0180408275309605,0.00116065617017669,-0.0152817872532349,0.0126361226356009,0.0161026668264166,0.00227017528492146,0.00215927552068496,0.00508162046488025,0.00890930853996008,-0.0159375109215126,0.00598286917325708
"1589","4/25/13",0.0178618842038591,0.011012102678565,0.00397688735544088,-0.00153718189164809,0.00775313647670117,0.00192518752373072,-0.00336621001866921,0.00365168621843193,0.00460707323770193,0.004342401443719,0.0041376356245626
"1590","4/26/13",-0.00225633317145368,-0.00366889013270211,9.66907137809336e-05,-0.00117743916850099,-0.0134632854133223,-0.000452072595624076,-0.00324243256410761,-0.000139964571175599,-0.0012737259032557,-0.000467595901947893,-0.00412058614055333
"1591","4/29/13",0.00414588158945639,0.00333713495141641,0.00289795160757889,0.0101551262265547,0.0119264759998807,0.00825485870305531,0.00853918429339284,0.0142758044441902,0.00446420099688183,0.00374121066905087,0.00543102146398833
"1592","4/30/13",0.00425361495514287,0.0027524531886598,-0.00134848750666672,0.00394934363011723,0.00385333540055166,0.00415012036117446,0.0116918361994067,0.0113149532494077,0.00190499601172278,-0.00675523632894892,0.00437224109870171
"1593","5/1/13",-0.013703866497808,-0.0057190025318522,-0.00250780993059863,-0.01564581882072,-0.0195301831246127,-0.0106109711758889,-0.00797046511313138,-0.00900542983986441,-0.0149558589662947,-0.0114916031786688,-0.0122919104437015
"1594","5/2/13",0.00492647452654227,0.0106984328025668,0.00406108718465559,0.0113532760697672,0.00909606063330415,-0.000903229507815628,0.00656155925670676,0.0147325537175087,0.0118374719857028,0.012218526482364,0.0090743413202361
"1595","5/3/13",0.00351903755665961,0.0125200851721754,0.00539288940162219,0.0202962899179928,0.018256281505751,-0.00067793433096941,0.00399121874224928,0.0107190691975074,0.0181840025312454,0.00503897858240498,0.0087360175775224
"1596","5/6/13",-0.00400810823381237,0.00269787110193542,-0.00737544517243294,0.00545735810704828,0.00347392828830007,-0.0125508605475586,0.00516729823825268,0.00550412325827265,0.00611986278658638,-0.00454756821665481,0.00993379286937524
"1597","5/7/13",0.0106893268158252,0.00863213007678709,0.00791292749764949,0.00691586381050202,0.00848684610478001,0.00984786782692715,0.00553642675688093,-0.00120165366752445,0.00918568424569544,0.00175699734229329,0.0068093166258858
"1598","5/8/13",0.00958051829829487,0.00255639175860467,0.00134026499656659,0.00234741267201444,0.00919054445062972,-0.00816440310425082,0.000524588942081072,0.0076192402685622,0.00615009641557096,0.00374198375623602,0.00676422195617632
"1599","5/9/13",-0.0110914372393621,0.000997901658655875,-0.00621469314691769,-0.00173472754099857,-0.00362087841312941,-0.0157767697585118,-0.00655129575327384,-0.00371446307977108,-0.0022005090203524,0.00174737706046346,-0.00746504694500649
"1600","5/10/13",0.00909714085362023,0.00886012804703395,0.00567637129563781,-0.00408351299899512,0.0011014635946891,0.00313631872401343,0.00369269924228188,0.00452732389076727,0.00465563855010576,0.0110478337862623,0.00325889303775262
"1601","5/13/13",-0.00654538674711258,0.00011000445896947,0.00162611441741767,-0.000698284443176544,-0.00803011696756217,-0.00405306034104624,0.00473072203483582,-0.0021209294045933,-0.00329241512411504,0.00747628864908889,0.0034981682803028
"1602","5/14/13",0.00944815196218807,0.0106474313916127,0.0116525045550768,0.0127466515437775,0.012308700750417,0.00674366043959362,0.00366179047021542,0.00438362225003908,0.0124797485974566,0.0109604890137134,0.0149399395759691
"1603","5/15/13",0.00701961795019224,0.00445316334992807,0.00953541850713679,-0.00232726786119108,0.00525803034325101,0.00970092784161469,0.00990376445775221,0.00198376445035131,0.00604234479204724,0.00327457625947281,0.00883261039085603
"1604","5/16/13",-0.00501398582030654,-0.0103807377979301,-0.00607868356846342,-0.00423443679551172,-0.00566636964370837,-0.00743438858645085,-0.00516151129087872,0.00528004897265122,-0.00456428349798088,-0.0102429698504547,-0.00583660596052371
"1605","5/17/13",0.00344118303860941,0.00983395520535479,0.00216396967500021,0.0152726555462979,0.0124932880862101,0.00967936231244559,0.00557745182794989,0.0111607159920415,0.013756037347366,0.00568636855508586,0.0122309258260935
"1606","5/20/13",-0.0075941264635746,-0.00227214372628326,-0.00854384200589986,0.0141881082175661,0.00151508069010142,-0.00376607288153175,0.00232164977341887,0.000649093486710051,0.00226180081577887,-0.00633273534813972,0.00120827299017057
"1607","5/21/13",-0.000123380897378622,0.00412120663741655,-0.000473258722177072,-0.00101132558980987,-0.000648252884537515,0.000801849496915308,0.0056618843746381,-0.00155693137363488,0.00118760518491401,0.00933197385443996,0.00193083309747655
"1608","5/22/13",-0.0165412711536398,-0.00939652893120513,-0.00236856876584646,-0.0129069208239034,-0.0128692658083471,-0.0170559648158451,-0.0243121510219876,-0.0119575813719901,-0.00996423735728136,-0.00270610640383306,-0.0118039991989954
"1609","5/23/13",0.00615040902790587,-0.00316168262039895,-0.00351406241747665,-0.000683801198005152,-0.0013143589636373,-0.00745313825431837,-0.0187540463371382,-0.000526091187153521,-0.0021567547449024,0.00248742154061721,-0.00731367223024404
"1610","5/24/13",-0.00486540318630846,-0.0013125413082985,0.00762431761652649,-0.00393394824404902,-0.00340048850568886,-0.00985561014044634,-0.00253944284197904,-0.00197452957313948,-0.00168127063313928,-0.00281959072413562,0.000491186991007142
"1611","5/28/13",-0.00802290109733139,0.00974702114717152,0.00340470449373531,0.0105605288730157,0.0115572124300583,-0.00936111044909127,-0.00857555467541948,0.00751698213773033,0.00709652264296379,0.0100655191139423,0.00785471914649016
"1612","5/29/13",-0.0169340198802109,-0.00943583173043283,-0.017720572101117,-0.00203891972008985,-0.00326435333286723,-0.0153111268261579,-0.0212192009972725,-0.00117773657623654,-0.00668821018649146,-0.0142200524073153,-0.00292252607448307
"1613","5/30/13",0.00347072937986082,0.000437688722092267,-0.00374237742398975,-0.00263927519451834,0.00327504423442915,0.00498068117975325,-0.00938951500299212,0.0095660066510419,0.00492988772454517,0.00772364056205999,0.00854900307950923
"1614","5/31/13",-0.00999240137065927,-0.0103970864334759,-0.0178191857886416,-0.0196328230639642,-0.0143633089433015,-0.00652770383124124,-0.0133817821461054,-0.00830741261154577,-0.00849472132205997,-0.0201757061785793,-0.0191328479258447
"1615","6/3/13",0,0.00376005202656637,0.0102969267124302,0.00940348622926424,0.00474715124091696,0.00231189659605269,0.00565148334445342,0.00497374901120895,0.00446471548330996,0.00460140817356991,0.00469101223430712
"1616","6/4/13",0.00465854125030329,-0.00330515981846835,-0.000388140481231369,-0.00767705956049214,-0.0036260626507868,-0.00509805618601689,-0.0139085703094757,-0.0070328369526298,-0.00672759292727498,-0.00721388808856049,-0.0093388272600734
"1617","6/5/13",-0.0119786609832191,-0.0160293072423837,-0.0107789328508621,-0.0113872408826631,-0.0206220199840943,-0.00817517489860731,-0.00826296162535156,-0.00996869771813769,-0.0179003886712776,-0.0145328881509564,-0.0143884699261915
"1618","6/6/13",0.0189027378459785,0.00954949292487317,0.00461364809371112,0.00712188755353971,0.00698130648899076,0.0118097718961436,0.0160896117327045,0.00251735044790924,0.00689670781144636,0.0138107629298028,0.0143467220379225
"1619","6/7/13",0.00140734860503788,0.0174716186290973,0.0127030745907009,0.0125721913136372,0.00693280508893479,0.00765928977402863,0.000141141654359522,0.00991138412741499,0.0173678484758233,0.0114291878814372,0.0136479454342455
"1620","6/10/13",0.0079212215406177,-0.00339043983741549,0.000771726482805324,-0.0033627577798061,0.00533033375356595,-0.00132663668293076,-0.00862299390164467,0.00143952734474873,-0.00168329178056714,0.00228279109809826,0.00122383917041891
"1621","6/11/13",-0.00709844984517782,-0.00998708983573449,-0.00298876922834157,-0.0145340544510415,-0.0133656979473503,-0.00616189416821544,-0.0148297533763109,-0.0112374633956124,-0.00927251761658998,-0.00444121633818184,-0.0161367630963626
"1622","6/12/13",-0.00395775539684162,-0.00920068063128188,-0.00386810191074394,-0.00693528134643051,-0.0058217950940529,-0.0108193907596726,-0.0136054892918925,-0.00819346217097339,-0.00765791759830692,-0.00972308973377289,-0.0101889407084915
"1623","6/13/13",0.0155089435278626,0.0180130610782316,0.0102902868507526,0.017326655684518,0.0188064926543734,0.0165911705431085,0.0259719407049186,0.0113255837703445,0.0143313988434814,0.0147856470541283,0.018327859708688
"1624","6/14/13",-0.000631087073999836,-0.00263758641010914,-0.00307496593183676,-0.00929794438277631,-0.00607944702996088,0.00120846084983062,0.00371889298836225,-0.00671935877977836,-0.00470964173039423,-0.00227665313980352,-0.00986202110624501
"1625","6/17/13",-0.00770392183749313,0.00440769815507736,0.00809644064339565,0.012191912634709,0.00622776919619494,0.0035015340011515,0.0028498813407094,0.0106116818323376,0.00594527531864819,0.00193966869639151,0.00771925415507324
"1626","6/18/13",0.0134913357549864,0.0108611825040241,0.00478052977497745,0.00597931632973836,0.00541535037176377,0.00746031652804713,0.00511490812843873,0.00826870343543429,0.013146676379979,0.00808460330060501,0.00691884743329485
"1627","6/19/13",-0.0199676214745975,-0.0108531533706481,-0.0189362787273011,-0.0086140470765399,-0.00879405834723235,-0.0223337126850106,-0.0306756719108525,-0.0097633337187697,-0.0134521142692214,-0.0152492063423388,-0.0149694265703698
"1628","6/20/13",-0.0197333670431354,-0.0263331212677451,-0.029873774150633,-0.0284993465372732,-0.0261727144300942,-0.0268751944415522,-0.0415633617585554,-0.0224790341690809,-0.0232897058444166,-0.0256939316973874,-0.0216745281312806
"1629","6/21/13",0.00470561074761977,0.000112649366934336,0.0121975573132114,0.0014310489074163,-0.00501070920653457,0.0106703290160299,0.0135422332912583,-0.00564825214531806,-0.00160608174232235,0.0090652111026992,0.00101899130865402
"1630","6/24/13",-0.00923738471141922,-0.00946447976135267,-0.00474120515765009,-0.0150934123039107,-0.0162529686850527,-0.00132950854347602,-0.00453162354157843,-0.0143359280774509,-0.0167059647116035,-0.00781692166829717,-0.0164521994775327
"1631","6/25/13",0.0181222203786318,0.00989648149975242,0.00208406795650662,0.0126947182803498,0.00663179052740892,0.0121826725767922,0.0167475287760286,0.00795838324100928,0.0117041476268056,0.00435078758916752,0.0184704188820539
"1632","6/26/13",0.00425629123239046,0.0117140667702769,0.0102010314157264,0.00653673965988344,0.00323634343446,0.0126570798584353,0.0151246160764222,0.00558138587396018,0.00908035652854222,0.0146353971050237,0.00970594390210855
"1633","6/27/13",0.015283912024439,0.0104653188994812,0.00450998756835186,0.00204607129904777,0.00184340850363873,0.00269514626509215,0.0200619369222932,0.00555008582030658,0.0115879571843764,0.00403885881738675,0.0146725442855904
"1634","6/28/13",-0.00177111660533036,0.00418694105518802,-0.00448973890172,-0.00177563282485327,-0.00494516835413683,0.00439966902550393,-0.00621846181206687,-0.00403878618842224,-0.00560544775874361,-0.00712596339682536,-0.00498617418909331
"1635","7/1/13",-0.00215429910336018,0.00669298701533028,0.00686254014975551,0.00551399862586144,0.0104010349174088,-0.0132617476453415,-0.00218266836203573,0.00770507270852638,0.0107843739451883,0.00775569487662797,0.00451020724916784
"1636","7/2/13",0.00215895012768441,0.00163496629939619,0.00116881855805673,0.00283059997159074,-0.00411743235859652,-0.00024674557037685,0.0153127332443239,0.00026810942190636,-0.00921460735540724,-0.00310118323678765,0.00174599500168204
"1637","7/3/13",0.0054490877714688,0.0040261557976542,-0.00272328414662726,0.000352810775479329,-0.000803781218441935,-0.00160334554700137,-0.00660713377031863,0.00643690628068727,0,-0.00230435870452872,-0.0027392626051953
"1638","7/5/13",0.00907480565751118,0.0106209248035756,0.00341319990474021,0.0123433397991981,0.00827586062392971,-0.00284145559270266,-0.00477178156111235,0.00879414088251962,0.0161527215646604,0.0147821315712702,0.0142322981569489
"1639","7/8/13",0.00374748023021043,0.00836468057257012,0.00952478031273585,0.00609646566854605,0.00512986346691013,0.0141231933880117,0.00101726633551347,-0.00303804757243498,0.00252893412644628,0.00512112504987217,0.00689329689104445
"1640","7/9/13",0.00323545881039955,0.00510463732769373,0.0084721298671524,0.0114266501286056,0.0151980108424437,0.00818436535576206,0.0142233618933263,0.00582946196613832,0.0144145966741887,0.00294398808089702,0.00831291604077911
"1641","7/10/13",0.00297702320754722,0.00084654172674492,0.00152749689447385,-0.00590555319296104,0.000446858509002723,0.0053315426720848,0.000429543188908532,0.00461016703452088,-0.00130283107157514,0.00643480429553711,-0.00533434742532124
"1642","7/11/13",0.011748326433064,0.0139551518627821,0.01496536020413,0.0094705142196303,0.0161921710465651,0.0151860319799308,0.0241736748968926,0.0171758899536414,0.0157695362726962,0.0132362200896734,0.0102387039654734
"1643","7/12/13",0.000611407624488081,0.00417039247732331,0.000939021797785822,0.00307038237129764,-0.00340673938260094,0.00237439922852478,-0.00614514155667367,0.00154650919009991,-0.00443565057771322,0.00719561407352654,0.00603280183949595
"1644","7/15/13",0.0193013236509363,-0.00166151883137622,0.00112593022826757,-0.000850219053846746,0.00110253631121249,0.0170556521534007,0.00421577904640569,0.00386090657090632,0.00316581691043782,0.00175866598373409,0.00503728127073577
"1645","7/16/13",0.00359555908242637,-0.00665620237269426,-0.00318650067329929,-0.00536127025051736,-0.00660853968987651,-0.00570605934688284,0.000699802311165953,0.000128768161964166,-0.00619472366210694,-0.00581498994817276,-0.00405739157483254
"1646","7/17/13",0.00107437397294863,0.00157061303794026,0.0018804900969609,0.00410675914662928,0.00776145106793402,-0.00058575685704243,0.00363555897002765,0.00166587908363369,0.00446932465417338,0.00220704216784084,0.00455283839560749
"1647","7/18/13",-0.00381710538803881,0.0054359640892423,0.00459824927698094,0.0109065837300946,0.00253044279003745,0.00949255966407292,0.00849959857241234,-0.00230333986695264,0.00901523075931787,0.00275304993775727,0.0128817988031442
"1648","7/19/13",-0.00035933888566575,-0.00114362656029321,0.00485764948125222,0.0128118959759072,0.0039509757874967,-0.000580377934933041,-0.000691048518521642,-0.0165470635523528,0.00997910826222759,0.0117502868826296,0.000235539407511087
"1649","7/22/13",0.00335412847506444,-0.000104043111483487,-0.00102262362002326,-0.00208055208345337,0.00404447142365982,-0.000116165509240096,0.00304203788453994,0.00313057418993701,0.00103391478705461,0.00466741330958254,0.00612208190462393
"1650","7/23/13",0.000358266385033224,-0.0022904367606309,-0.00260560937919574,0.00208488980528143,0.00315742710951961,0.00267190601376011,-0.00110281189562589,-0.00429094117258844,-0.000459121002428731,-0.00367309482977307,-0.00163814794540984
"1651","7/24/13",-0.0078769217748299,-0.00333881494284949,-0.00653103537391542,-0.0112350046677627,-0.0091165661065411,-0.0152935975124134,-0.0194562225780875,0.00718192323218259,-0.00688912357375127,-0.00227712270994063,-0.00890745846173535
"1652","7/25/13",0.00421022866027743,0.00219865267879493,0.00554087834339012,0.00496592200352097,0.0055857127109562,0.00847129815158176,0.00154773485631865,0.00635316141649223,0.00138746478329521,0.00554280537515428,0.00141861738687044
"1653","7/26/13",-0.00083823028313279,0.00323823801752932,-0.00028014556554401,-0.00234498096403535,-0.00490133685224448,0.00315016308846761,0.000843227730132901,-0.000386584350720476,-0.00242469277160651,0.00529608528847714,-0.00094461659319578
"1654","7/29/13",0.00107895947496228,-0.0056226060371759,-0.00355002902986878,-0.00847889980066063,0.0036120732414342,0.000697997626881275,-0.00744071157144799,-0.00167564754333605,-0.00520840634085373,-0.00268784925197474,-0.00732859984170442
"1655","7/30/13",-0.0087428597721968,0.000313912973014974,-0.000281309482581649,-0.0010161839082532,0.000436221908619139,0.00325431337148907,-0.00297071749464706,0.00852062991099278,0.00430472415142047,0.000862195892970208,0
"1656","7/31/13",-0.00616148472804923,0.00523400847761102,-9.39377349687964e-05,0.00271217946035085,-0.00228921243707392,-0.00567652241611294,-0.01631402718926,-0.00140766309336515,0.00347568692507383,0.00161570968537927,-0.00119053275308112
"1657","8/1/13",0.00595686333766343,0.0160367047667711,0.00928526036283683,0.0128476421561963,0.00950627636340107,0.0093208558415645,-0.00389391300781439,0.0117930424170403,0.0176630802175421,0.00731276876620957,0.0147826889655949
"1658","8/2/13",-0.000121138958021683,0.00522692986846951,0.000650572664673277,-0.00509047892216941,0.00259780489718531,-0.00115441389979798,-0.00492242242357976,0.00532100298083482,0.00158828529711563,0.000213698198140211,-0.000939707397468625
"1659","8/5/13",0.00398866236803874,-0.000611818480805271,0.00102149286443742,-0.00184531245596187,-0.00097175441054409,-0.0060095681663036,-0.00072767320548961,0.0028986847052217,-0.00294474350705554,-0.000640679670796396,-0.001881629917871
"1660","8/6/13",-0.00541698087636922,-0.00663101320496384,-0.00194806029063144,-0.00579843844133543,-0.0106983341111259,-0.00639462352161957,-0.00349435922089425,-0.00665990774689584,-0.00976959230079111,-0.00555381067404404,-0.00848225563817007
"1661","8/7/13",0.00133115642687853,-0.00790800289924509,-0.00464774928904776,-0.00422631973233578,-0.000436802969522754,0.00444640600798674,-0.00263002943989532,-0.00278304991452716,-0.00332674601236027,-0.000966353580645563,-0.00641656689447145
"1662","8/8/13",-0.00374714493160822,0.00755662245066824,0.0042023331084573,0.00585700006641798,0.0145339250567968,0.00279609245937684,0.000439587703530142,0.00469345388250164,0.00529466828839609,0.000537442021636636,0.00215286462880138
"1663","8/9/13",-0.00473177038166317,-0.00246568766040722,-0.00483580407052597,-0.00278474255559014,0.00452414512234078,-0.00592503075049267,0.00878579572693794,-0.00378748391269867,-0.0027480131445532,-0.00279365434375389,-0.00119370390887552
"1664","8/12/13",0.00146281478511145,-0.000205989287286767,-0.0014950741037153,-0.00499266835155254,0.000750334635347683,-0.00467453326588252,-0.00711273387773448,0.00684386580094243,0.00172217876726388,-0.00258580233228434,-0.00453959774953983
"1665","8/13/13",-0.0096164164985435,0.000102971282670117,0.000280809276952843,0.00170095149622917,0.00182159150611838,-0.00598779815436246,-0.0137427373758452,0.00755280083805787,0.00171940898797418,0.00162033971820508,0.00240016761932882
"1666","8/14/13",-0.00159806952258401,-0.00978572231904484,-0.00636251747220662,-0.00365106576642682,-0.000534754769614953,-0.00649647875760206,-0.00385403117787098,-0.00237363681092506,-0.00755157734995904,-0.00668693711268542,-0.00287369056839482
"1667","8/15/13",-0.0107102008945819,-0.0178922716480038,-0.0174198514156996,-0.00545357215365161,-0.0103799184034353,-0.014385934417491,-0.0183035494720553,-0.0174079168733937,-0.0112980455086825,-0.0170465939157675,-0.0148891162101586
"1668","8/16/13",-0.00746652477584875,-0.00381341471148267,-0.00574989225709943,-0.00342740272296416,-0.00583907232961045,-0.0106153748287448,-0.024556665045482,0.000764987448838461,0.00104925551521196,-0.00497074945739717,-0.00390084443782612
"1669","8/19/13",-0.0121613650033371,-0.00372137814984186,-0.00346975928103743,-0.0166794868783765,-0.00946275142296871,-0.00792488231844346,-0.0132089102395424,-0.00305659468851427,-0.0053581923958661,0.00111024292723805,-0.0137053130807056
"1670","8/20/13",0.00939203564575219,0.0102457513976306,0.00135399478986464,0.00612045215163959,0.00823537786180251,0.00847968426069889,0.0226770657405666,0.002810108540241,0.00316210927725624,0.00499002905020718,0.0116627562861484
"1671","8/21/13",-0.0116936423700204,-0.00855704480336317,-0.00792039094701247,-0.00582273510461639,-0.00707894648444785,-0.0104797390368501,-0.00230971616666154,-0.00203804826471099,-0.00572040097519066,-0.00430338387608165,-0.00613205174217635
"1672","8/22/13",0.00597965240067588,0.0103357051378428,0.00477059996433393,0.014423158220485,0.0118459445877503,0.00541830092692552,0.00601951953005986,0.00612756699833028,0.0138547575473524,0.00675970347673127,0.0111053857507564
"1673","8/23/13",0.0111293067823965,0.000632590814513945,0.00600791727206795,0.0070660623548604,0.00639563130333287,0.00759461907523384,0.0104324314884241,0.00634331362874851,0.000463075148393166,0.00220157076688943,0.00146479706262781
"1674","8/26/13",-0.00838029810447183,-0.00147551118032496,-0.0103062366758927,-0.00111252689940056,0.0020463785113265,-0.00765894971580294,-0.00288483042542864,-0.00214327751175825,-0.00150476064457694,0.00197716115438262,-0.00487456074888437
"1675","8/27/13",-0.0103430505604345,-0.0181548727883701,-0.00759118566890327,-0.00659576439713538,-0.0201007223609974,-0.000489485856564276,-0.00487279552999176,-0.0214782380684817,-0.0219104872014009,-0.0170999070822312,-0.0225325155795256
"1676","8/28/13",-0.00203900062287143,0.00526759861780368,-0.00735518671115576,0.0166422334803134,-0.00186505159951822,0.00355415563446559,-0.00612112782318253,0.00309893437572351,0.000948385776004645,0.00334558283587083,0.000751542335557964
"1677","8/29/13",0.0108553928741741,0.00663041866566116,0.00572996048838559,-0.010008502160285,0.00329709948268575,-0.00464103545625327,0.0015396526046938,0.00617819395813779,0.0041443848174223,0.00433486876920353,0.0032551529228777
"1678","8/30/13",-0.00884399663333646,-0.00711786674073933,0.00196455327271594,-0.00154197129424827,-0.00317651224194448,-0.00294488419999073,-0.00845493397442887,-0.00639606211828725,-0.00766505673121276,-0.00564421133970949,-0.00673843571226296
"1679","9/3/13",-0.00586343163744896,0.00652675056369723,-0.00147039799789894,0.00514830155514723,0.00428551380667064,-0.011198708917563,-0.00868192229152676,0.00360475169820962,0.00546622645770789,0.00667784586223497,0.00502520799179718
"1680","9/4/13",0.00820600935405147,0.0103116151309599,0.0066764771446397,0.00597572280414527,0.00831616177641292,0.000373618487969463,0.00860170881287536,0.00872380055228494,0.0107553942337251,0.0121613947947359,0.00874986995927673
"1681","9/5/13",-0.00432392574769502,0.00157828871039389,-0.00107306191946555,0.00347932420832042,0.00325550901626359,-0.00398136397315629,-0.0105443494527742,0.00267038431294053,0.00339093085218556,0.0026217581140815,0.00123944811503973
"1682","9/6/13",-0.00102196216673978,-0.00168080659076941,0.00117175303359374,0.00101475281124985,-0.00108174167091168,0.00424698744998864,0.0155149026667172,0.00202977851783781,-0.000116367842024623,0.000653232088585476,0.000990087300673403
"1683","9/9/13",0.00652097502590032,0.0102072737175205,0.00789944775071727,0.0110669044357601,0.0153762450743904,0.00485097533100842,0.0208331624650955,0.013544113866961,0.013869211228821,0.00718604826494862,0.011869129955449
"1684","9/10/13",0.0110519122705361,0.0103122970678851,0.00174158845595018,0.000501421829918858,0.00970470849034055,0.00816909468318983,-0.000755745245618611,0.00661893578008832,0.0158638954701917,0.006053252222326,0.0107528378309094
"1685","9/11/13",0.00552823575380956,0.00556753465944548,0.00647147645671486,0.00709886982789398,0.00433031742155965,-0.00883971936242933,0.00801804847064869,-0.00297740820446135,0.00305537655632571,0.00515751840196699,0.00120891044315363
"1686","9/12/13",0.00437332889057118,-0.00410103368278625,0.000288039946648944,-0.00530741453975059,-0.00956981373784094,-0.00284907912108978,-0.00645328550142066,-0.00136863961022249,-0.0041741749063271,-0.00138975276435194,-0.00652008810180604
"1687","9/13/13",0.00248799086806062,0.00504471409614826,0.00815508801125819,0.000250190548296336,0.00690164219570111,0.00708088768018067,0.0028700712221299,0.000498239757066088,0.00260573444601864,0.0024620499350072,0.00291669896443159
"1688","9/16/13",-0.000992678229497335,0.0031756210045546,0.00818416772902508,0,0.0112832810156498,0.00111012354428164,0.00994109598794601,-0.0041101967970677,0.011412355463579,0.00800853408805469,0.0094526055669546
"1689","9/17/13",0.0065841594575875,0.0071478826085678,0.00415334377692078,0.00558414574272792,-0.00198126993895331,0.00603752937285984,-0.000596598889023969,0.00725380863077563,0.00603292607614891,0.00169468698652753,0.0050418223397013
"1690","9/18/13",0.00728119584113918,0.0106459653217401,0.0123143033544093,0.0107749443930356,0.0207921267943501,0.0295157807037116,0.0338756299261636,0.012540296564725,0.011659954244331,0.00592237936626461,0.0112280915409249
"1691","9/19/13",-0.00208299346902607,0.00140429623021565,-0.0045501506690504,-0.00139383508819968,-0.00245642998036633,-0.00416320262754577,-0.000866231403243267,0.00257528389545536,0.00230528652421835,-0.00283848401737485,-0.00519756773665636
"1692","9/20/13",-0.00982168763907521,-0.0064114673747937,-0.00671628261201396,-0.0079651462766126,-0.0129286982477523,-0.0129019200378939,-0.0163248096243279,-0.00501488700212216,-0.0112803410369281,-0.0023195025505045,-0.00593671002587426
"1693","9/23/13",0.00210757919814974,-0.00715874022368523,-0.00375666497691596,-0.00463560247197981,-0.00561310433184603,0.0119761412278854,-0.00684699296117464,0.000737505935380245,-0.00199401264528787,-0.00697450199143801,-0.0115721640328719
"1694","9/24/13",-0.00160840174452259,0.00121852690460011,-0.00509050165539915,0.00174649672778648,-0.000627230159520265,-0.000362443305120586,-0.0076109336095439,-0.00122831484632313,0.00266393390818687,-0.00415034695226679,-0.00388641313904103
"1695","9/25/13",0.00297421476851922,-0.00314412518824281,-0.00701172511464743,0.0004151636498686,0.00188295386547033,-0.00700661837631933,0.00330839746725387,-0.000614965767890996,-0.00298874954794381,-0.00726631458818772,0.00414526359781897
"1696","9/26/13",0.00593124023245473,0.00854704721636645,0.00448481519126398,0.000414835699865224,0.00720386225759362,0.000486829492534868,0.00614477013546666,0.00332290370118926,0.0022206859730749,0.00559726362281809,0.000728665873914958
"1697","9/27/13",-0.00466766880381908,0.000302535767748857,-0.00645948520375605,-0.00265444077866439,-0.0110915463242536,-0.00620129487755472,-0.00417098008527306,-0.00490655559810249,-0.00509583220052134,-0.000321219261717354,-0.00315439745661916
"1698","9/30/13",-0.00320891555989999,-0.00332817449700851,-0.00889180180741211,-0.00773448108773078,-0.00241064037240901,-0.00134583002020938,-0.0106207883183658,-0.0053001161976407,-0.00467659889574135,-0.00267683140624675,-0.00657268080746676
"1699","10/1/13",0.00668546101099166,0.00951219159992789,0.00598090834071185,0.00762736286949495,0.00556884557510706,0.0034303016901005,0.0145148623734292,0.0106572085316452,0.00816649854828855,0.0133132173575607,0.00906620987455886
"1700","10/2/13",-0.000860720546740357,-0.00150361433971502,-0.00297255242666705,0.00249528163694501,0.000209024592389362,0.000122493759659337,0.00149009387276311,0.000367605122751691,-0.00366173587785212,-0.00190713685432009,-0.00267052217097929
"1701","10/3/13",-0.0071390901909919,-0.00913579094565853,-0.0051937200631923,-0.00788246094242617,-0.0066862135586232,-0.0117208303409381,-0.0174104323751622,-0.0105406512458661,-0.0099121092734904,-0.00806793131264993,-0.00779185643027536
"1702","10/4/13",0.00136350291605725,0.00780161875804031,0.0021269327002913,0.00911614172110764,0.0127261838377015,0.00172979213401203,-0.00196888252227556,0.00681303710986136,0.00483699300212126,0.00973880544716121,0.00736163318094407
"1703","10/7/13",0.00173338571702808,-0.0132704346977826,-0.00453466282704917,-0.00787346901165942,-0.00945091229243333,-0.00493265520691888,0.00455245127861659,-0.00836649571466863,-0.00582121864732832,-0.0103867274816233,-0.00925698048283896
"1704","10/8/13",-0.0142134510695401,-0.0183393472342355,-0.000872144692811938,-0.0106090158432874,-0.0171940571056657,0.00570047370378601,-0.0108762962598908,-0.0188582874777666,-0.0143001225646506,-0.0169218257849311,-0.0127855873581517
"1705","10/9/13",0.00275846291941528,-0.00280216857397997,0.00087290599314116,-0.00447490260223982,0.00128005818769328,0.0034508505134061,0.000152678547623797,0.00126461468557437,-0.0014850815269829,-0.00392234779792799,0.00298879685764963
"1706","10/10/13",0.0176293108729553,0.0220649338026313,0.0183176823663249,0.0189127231282427,0.0201363651447539,0.0153503962571493,0.0255001909302026,0.019575449777212,0.0257408985109975,0.0231874437979442,0.0270671527232833
"1707","10/11/13",0.00798615022384963,0.00753562919801332,0.00295036755526357,0.0109872371474156,0.00647529752058618,0.0054428328710816,0.00997621210668909,0.00842318979919066,0.00803014985204653,0.00448949760054806,0.00701183976624797
"1708","10/14/13",-0.00134078977674745,0.00505378036014981,0.00445996511462288,0.00650419171859951,0.00394302673622282,-0.0054133688093827,0.000589667650590764,0.00565067207826209,0.0028769306065517,0.0063850630002058,0.00480139342122898
"1709","10/15/13",-0.00463804459955475,-0.00804518658607323,-0.00840794211791274,-0.00400823685932594,-0.00475446010858516,-0.0141508546895439,-0.00368342812495248,-0.00696230454658797,-0.00926735268567025,-0.00571008704253351,-0.00740714984274338
"1710","10/16/13",0.0148376028769741,0.0146997693672097,0.0139099211240354,0.0142082185582437,0.00841178417561439,0.00993724665380946,0.0187811475819877,0.0102088581012101,0.00623603483022395,0.0196743581883143,0.0194992656550612
"1711","10/17/13",0.0178828659245123,0.00469595930930278,0.00977264911114872,0.00315811118060538,0.0134914716446743,0.0167637067449771,0.0150966739537783,-0.000974194926911309,0.0078574211522231,0.00917833095237031,0.0108617403028888
"1712","10/18/13",0.0109213837588129,0.00646359722389933,0.00269857310936272,0.00984841710821893,0.00416609542540081,0.00406233697505831,-0.0010010114027752,0.0177942133351683,0.0128473287740225,-0.00258375820884604,0.00256954355017558
"1713","10/21/13",0.00281798576017689,0.00177876742497007,-0.00389788992675411,-0.00415681296042658,0,-0.00273673537608787,-0.00601201409757135,0.00431083964675261,0.00281855582700041,-0.00632055413556643,-0.0025629579181875
"1714","10/22/13",0.00304472747849815,0.00641069499133251,0.0141618902495444,0.00481633966523543,0.0129528435170632,0.0133635389694795,0.00921677418992561,-0.00178849478900533,0.0056216401681104,0.00886315198430632,0.0030366079788513
"1715","10/23/13",-0.00186794185390038,-0.00558603214497966,0.00119447158024211,-0.014618993038899,-0.00579407369255225,0,0.00185468305620051,-0.00716657801105847,-0.00107499842746372,-0.000103021445384099,-0.00605493352729247
"1716","10/24/13",0.000467877150909901,0.00985513876593114,-0.000917725634322575,0.00794490912243395,0.00542592838495004,-0.00153062032424167,-0.00028476740338057,0.00409039172557235,0.00753339794864805,0.000620233708700457,0.00117175249544554
"1717","10/25/13",0.00490988026523942,0.00478189432207698,0.00220430243945913,0.00297583410534186,0.00189898856721449,0.0115567917670578,0.0122526346819638,0.00311517457275534,0.00405871138821157,0.00041306096298932,0.00468043004405128
"1718","10/28/13",0.00418812059589202,-0.00242810863347032,0.0121883613250986,0.000721971949373179,-0.00598510948392228,-0.00291479197204492,-0.00717802324768602,0.00107495515085643,-0.00095710119059933,0.00268498658632765,-0.00139750989805587
"1719","10/29/13",0.00996273675161308,0.00564699415665504,0.00787687556498584,0.00777287205447896,0.00270947593092852,0.00152009349035054,-0.00581242111671898,0.00501157668038443,0.00298155643282283,0.00556121767384732,0.00163258008841294
"1720","10/30/13",-0.0044734036963836,-0.00522827612729559,-0.00790505553706966,-0.0063613128362483,-0.00690547468361813,-0.00572055073256217,-0.00841288253540662,-0.00451149204047663,-0.00594546893583447,-0.00686199966750445,-0.00489027591531721
"1721","10/31/13",-0.00322599849661021,0.00214139248917156,-0.00543290924348083,-0.00192060207887834,0.000201668159918844,-0.00340479006421734,-0.00589600527201184,-0.00238534819454106,0.000427152780890339,-0.00443411519752301,-0.00982921576389051
"1722","11/1/13",-0.00970996342751218,0.00155381165007595,0.00327763462116715,-0.00408907661263258,-0.00171284736427657,0.00530154862628818,0.0052075217459262,0.000597866030578986,0.00661894862723456,0.00652558516908219,0.00212719335813172
"1723","11/4/13",0.0130733443679485,0.00465437104113442,0.00154276372594775,0.0140084790437927,0.00645920943840195,0.00269567155228967,0.00187090430545367,0.00346474469440916,0.00530273723110919,0.00205830064812695,0.00117928015017066
"1724","11/5/13",-0.00771993719203323,0.000289414771422081,0.0027179351505171,-0.00770157346258071,-0.00691923448948306,-0.00596076223450048,-0.0163744057158419,0.000714529744912706,-0.00337572070201653,-0.00328633587128879,-0.00518274700882293
"1725","11/6/13",0.00301937108999062,-0.00337694840969915,0.00903580356332045,0.00216049118662864,0.00535178346630438,0.0116401286145258,-0.00146049063367626,0.00725724479909862,0.00222287362553675,-0.00401863004133129,0.00355210917077242
"1726","11/7/13",-0.0196807018328639,-0.0202343286544392,-0.0156710998338336,-0.0148502107612328,-0.0148652887003317,-0.00953033079871457,-0.0124306244152996,-0.0137020188396438,-0.0135193670986807,-0.00962138841665439,-0.0115621631547851
"1727","11/8/13",0.00696723832757606,0.0151186686072526,0.00564045128806034,0.0160466879355612,0.0185561602232007,-0.000469478663850387,-0.0134751458475192,0.0114973218774068,0.014454238463725,0.0175492944627147,0.0186200309314564
"1728","11/11/13",-0.00527700870769388,0.00214148220886146,-0.00226157340603139,0.00183448569387878,0.000200236801390918,-0.000234793249684118,0.00105046108816897,-0.000118625580763365,0.000844125010477814,0.00266918602491351,0.000468910020991586
"1729","11/12/13",0.000707134291076938,-0.00106857913590652,0.00235727802921293,-0.00979316224293247,-0.00330263203667047,-0.00845454205803609,-0.00449852376201854,0.00438139448332375,0.000843682551662672,-0.000307163981917435,-0.00749575783295742
"1730","11/13/13",0.000235754695286694,0.015363792659651,0.00823169494724629,0.0070758200023413,0.0057236479612115,0.00402650717704978,0.00647682976919595,0.0109645235678024,0.00579498024994884,0.00553055047576212,0.00826046387745549
"1731","11/14/13",-0.00306242951750046,0.00536283296050066,0.00628040374622185,0.00766455455344461,0.00748771811400362,0.00754894517653693,0.00703407217340879,-0.00384839808059878,0.00460929217398065,0.00774088560107744,0.0072565867138592
"1732","11/15/13",0.0031900555533444,0.00352443399570745,0.00196139280571495,0.00602176060150228,0.00495516977890942,0.00526801864388382,0.00371525210362456,0.00386326546399518,0.00354525555936092,0.00586208641408259,0.00441565463908034
"1733","11/18/13",0.00447516716269591,-0.00749883181353905,-0.00436035011297131,-0.00866331793912467,-0.00749438934427193,-0.000698831517321086,-0.00621861988231653,-0.00886304369181079,0.000311719719361836,-0.00542607475362633,-0.000694555697779431
"1734","11/19/13",-0.00293100894099829,-0.00459063399621729,-0.00312782300288372,7.93782113386321e-05,-0.00158956629349827,-0.00780788276139288,-0.00700234863315718,-0.00470651558048507,-0.00685580064427849,0.000303010985998275,-0.000231284210735816
"1735","11/20/13",-0.00705573402728044,-0.00470792422462196,-0.00403461165624375,-0.00254204331612606,-0.0063689256376771,-0.0098661889570979,-0.0121531720094061,-0.0023640990366901,-0.00491575389785726,0.00363608244697611,-0.00324213155891218
"1736","11/21/13",0.00556630744999365,0.0105223541828334,0.00351077253484644,0.00955706401447753,0.00871295440882269,0.00296575241858577,0.00774595359599894,0.0111387175527324,0.00903931744495301,0.00654117101553786,0.0141728668831134
"1737","11/22/13",-0.00247342654977434,0.00592282936213295,0.004574681108372,0.0056801360003591,0.00417028056497726,0,-0.00391831683182498,-0.00105486231663832,0.00770821674177902,0.0117977203369579,0.00435273081761234
"1738","11/25/13",-0.00330560151845927,0.000759879434380828,-0.0023214845659959,-0.00909954695675352,-0.00652585356412538,-0.00378483971413612,-0.00469061342308119,-0.00211177537697882,-0.0013437581751673,0.00365620900584052,0.00114036691914499
"1739","11/26/13",0.00544878183908937,0.00607295155422416,-8.96498728319983e-05,-0.00205826354891392,-0.000298436672934055,-0.00973524001487325,-0.00349651480159008,0.0050554136067511,0.00310530514547769,-0.00216620140600876,-0.00045549527551747
"1740","11/27/13",0.00223831765312088,0.00348994308758899,0.00179011385474048,-0.00809149918354923,0.00199100071797864,-0.00287766772916387,0.00854310779755107,0.00865599713613618,0.00515945622062031,0.000690688658474548,0.00410312751330055
"1741","11/29/13",-0.000234914142641984,0.00169192748370861,-0.00223368792151113,-0.000879462762980676,-0.000794788736688368,-0.000480502573090513,-0.00922716559019365,0.00463884736912101,-0.00328500499827344,0,-0.00340565018503314
"1742","12/2/13",-0.0123455635562654,-0.00581778943614619,-0.00528344320955521,0,-0.00149155270157353,-0.00433077298089735,-0.00580173357558078,-0.00450205995739084,-0.00556200373308802,0.000197368475249649,-0.00318895844315936
"1743","12/3/13",0.000357127084346542,-0.0067956520456075,0.00495129945367689,0.00312156764527094,-0.010555667436095,0.00507439781622399,-0.00199608578534238,0.00162326715340644,-0.00642142015933111,-0.00719644147086695,-0.00845502940637544
"1744","12/4/13",-0.000356999590123919,-0.00218544885096028,-0.00179140136081701,-0.00311185378318457,0.00362305763455062,0.00264453635331074,0.00369290592302729,0.00312594549866274,-0.00333587093954191,-0.00377311954750326,0.0020739384392463
"1745","12/5/13",-0.00404761858295399,-0.00028590284947394,-0.00933326077307794,-0.00376236614315106,-0.00441217961393081,-0.00659397498522607,0.00352613247937805,-0.000923364526773884,-0.000522933008734738,-0.00229249237730267,-0.00712964601305377
"1746","12/6/13",0.00633525891212061,0.00695432787179473,0.0149469735103467,0.003535384540575,0.0131950510735075,0.0126720121717434,0.00717970745307328,0.00693074392076176,0.0147550473223623,0.0123873799411849,0.0127404505358584
"1747","12/9/13",-0.00332595675796088,-0.000567558446795569,0.00178515644005284,0.000640389297217769,0.0049703278542863,-0.00476722421399889,0.00485353812877465,0.00229440004143844,0.00206267069517807,0.000789519023079555,0.00343105131618282
"1748","12/10/13",-0.00869992499001748,0.000662652144748144,-0.00837491796337919,-0.00320054458385366,0.0007915855989169,-0.0102980389043571,-0.00256575093880784,-0.00114462326984144,-0.00216137124099569,-0.00423972048909338,-0.00341931945566409
"1749","12/11/13",-0.0110602247011889,-0.0103114101541389,-8.99127978314374e-05,-0.0142076185330997,-0.0169023017216922,-0.00871153146402315,-0.0230026442707941,-0.00973980452641443,-0.0152639810990659,-0.0181205714125778,-0.0150961062860656
"1750","12/12/13",-0.00182340607412701,-0.00229404202107131,-0.0122202385945958,0.00480424580456895,-0.00120636238979566,0.00329544558130523,-0.00557614636190484,-0.00497576826479795,0.00104755770472642,-0.00514306141696796,-0.000464275132608383
"1751","12/13/13",0.00596752312511173,0.00220362935291774,-0.00227419657725658,-0.00380887249701123,0.00543568029780483,0,0.00249229141516039,-0.00104657805848907,0.00334799317916223,0.000912084648635458,0.0020911139182791
"1752","12/16/13",0.00338997991321732,0.00707380954466563,0.00145867852922366,0.00992438125225448,0.00440544967679224,0.00559653229695911,0.00341848190370286,0.0100116783836866,0.0107400763848755,0.00243067235968253,0.00556424579505754
"1753","12/17/13",-0.00277534976369453,-0.00246783048318966,-0.00427895531104572,-0.00555790778683618,0.00378777439651734,-0.00157308915198984,0.00464518783428569,0.00207457904515107,-0.000618841084862543,-0.00474828662201732,-0.00415040668846112
"1754","12/18/13",0.0136722100263265,0.0142734513559764,0.0162750054423655,0.0151466672744318,0.0117179929829017,0.0124805694331762,0.0177251478742839,0.00747649017986629,0.0157943944132495,0.0221295285914034,0.0213014511021947
"1755","12/19/13",0.00644526958355818,-0.00187645387113078,-0.00269894622969646,0.00167563110865565,0.00088361443166951,-0.00658213764329751,-0.0137819859289665,0.000228391513347859,-0.00101630211647941,-0.00258216137997291,-0.0036273777351129
"1756","12/20/13",0.00817781288131725,0.00590661482002064,0.00560775859247897,0.00408601397393205,0.00418692481745553,0.00917469022326123,0.00614275201627978,0.0111231850189493,0.00997535036513297,0.00700958169233901,0.0070534009668366
"1757","12/23/13",0.00990913470817945,0.00499513852560973,-0.000458577197728127,0.000403913959471813,0.00417928087467523,-0.00253254195538555,0.00198420833561497,0.0122103577451114,0.00407287749399865,0.00470036136422536,0.0045191139207168
"1758","12/24/13",0.00642040275842604,0.00346990418704474,0.0012845469022249,0.00677934607716657,0.0109009139156682,0.00326391877035492,0.000896999379335739,0.00225484001535547,0.00476641360978847,-9.95682163003053e-05,0.00298822050927749
"1759","12/26/13",0.00349070634483284,0.00570100927185746,0.00375711325946582,0.00737561340778448,0.00401922218718642,-0.00361460156434912,0.000772890583423669,0.00314959003263304,0.00565169099675566,0.00527649821433784,0.00135455987302957
"1760","12/27/13",0.00563750703835808,-0.0029736649050438,0.00273921466102411,0.00572966827901911,0.0047841100138073,0.00314402098042077,0.00216225290442762,-0.00201833752486369,-0.00100343266300018,-0.000495479176138125,-0.000450751260828275
"1761","12/30/13",-0.00322052537289552,0.00344870859848423,0.00291351858273803,-0.0075170309848166,-0.000291457300775844,0.00216959762131186,0.00030828169339614,-0.00101117976656884,-0.000301337686464787,0.0015853648698303,-0.00090238301206047
"1762","12/31/13",0.00107694428822458,0.0037152745758644,-0.000635410162697303,0.00797257026597276,0.0035964859157529,0.00168363858983156,-0.00539219156183779,0.00708590282188704,0.00522554888680693,9.89370890218666e-05,0.00270919464845365
"1763","1/2/14",-0.00860616020475991,-0.00481207739094769,-0.01081027447637,-0.0143161686831375,-0.00765140753157845,-0.0152494563148696,0.000154967364367264,-0.0102749804357412,-0.0126962754170457,-0.00514331773137067,-0.00472783882664396
"1764","1/3/14",-0.0028935151212478,-0.00148772034280586,-0.00128560862606708,-0.00240727992047696,-0.00117126197995121,-0.00207305030261418,0.00557539312677013,-0.00338524115057881,0.00364550226086569,0.0022867178611421,0.00542876842972229
"1765","1/6/14",0.00350632150892083,-0.00633272648883099,-0.00441404921965927,-0.00024127275338548,-0.00615584780723544,0.00024438808369065,0.00508228524446874,-0.00283068302791234,-0.00665896006983668,-0.00406693139910008,0.00112491985120222
"1766","1/7/14",0.00710951723964071,0.00581084607698967,0.00581875651168939,0.00780429856454168,-0.000393295954293604,0.00916218338323005,0.00444388142999808,0.0101056650740814,0.00538298413540739,0.0116533098877007,0.00179777973084749
"1767","1/8/14",-0.0011963993297649,-0.0011184421524405,-0.00642796497715714,-0.00646670104545699,0.00393421370533553,-0.00520532434624266,-0.00488174003310926,0.00123644754452146,0,0.00974699291174752,0.00201849434652379
"1768","1/9/14",-0.0150935276473751,-0.00289152681208393,0.00388184184410068,-0.00345502266603093,-0.00215527144063732,0.00474580758305576,0,-0.00471532675112118,0.00424288938096451,0.00897034632675586,0.00246252189399443
"1769","1/10/14",0.00121618899792875,0.00392914121648391,0.00138084098937052,0.00169320824965125,0.0043201894524072,0.0136850860435969,0.0136438560854384,0.00180490148804968,0.00372189278534063,0.00637800551765455,0.000670032447433355
"1770","1/13/14",-0.00959670451728478,-0.0198490038115923,-0.00744672688054726,-0.0193995816250502,-0.0134912539552046,-0.00931904916356086,-0.00665461757850971,-0.0111473989624586,-0.0116253919850826,-0.00787391695243633,-0.0138361482247797
"1771","1/14/14",0.00870872297416625,0.00874687814355202,0.00583546397385182,0.0123953114539914,0.0126847111704904,0.000965149708221036,0.00730844049321888,0.0186746477229642,0.0107481424245393,0.0134531472772712,0.00769380196006364
"1772","1/15/14",0.0104568926608137,0.00216781149058476,-0.000552570526219154,-0.00267566922740159,0.00704556634678277,-0.00108443342085407,0.00755728875520734,0.0117369175679969,0.00772478036660518,9.5516666121398e-05,0.0101057954026753
"1773","1/16/14",0.00156435933734134,-0.00404404066422492,-0.00175056312038291,0.00138222826310708,0.000680413995345797,0.00542752337651842,0.00180027673233396,0.000220974832600973,-0.00278727247512867,0.00296022163568876,-0.00489100147645782
"1774","1/17/14",-0.00204258639508859,-0.00481595253207645,-0.00747653269470427,-0.000893129203926812,-0.00291321319894433,-0.000119908927352919,-0.00584019840778371,-0.00596483743312515,-0.00519137065490682,-0.000380831119666358,-0.00268115382453171
"1775","1/21/14",-0.00216700142878268,-0.00218219203391667,0.00344105402767458,0.00576945465183965,0.00428526736387869,0.0112777645258051,0.0090373718581287,0.00422288913141866,0.00180630614105692,0.00619117756991927,0.00268836173588172
"1776","1/22/14",0.000724001124004392,0.00361349876312178,0.000741226506475456,0.00525172498230053,-0.00649753316848234,0.00189816393337727,0.00432925001620732,0.00154894833951391,0.00310521055974622,0.000378703114671808,0.00201037732876763
"1777","1/23/14",0.000241238883298633,-0.00767487103633668,-0.00907571246126126,-0.0115735991751231,-0.0129816968853903,-0.00260518535379406,-0.0023783476686734,-0.0045298132084528,-0.0108846214040507,-0.00615082449120397,-0.0138236142248386
"1778","1/24/14",-0.0166346563184158,-0.0204334707573857,-0.0102804729406551,-0.0217923922032434,-0.0284812247128986,-0.0103287962971672,-0.0125148114304928,-0.0210876490874586,-0.0317012177152772,-0.0238980439355421,-0.0217048045552307
"1779","1/27/14",0.00232915917647136,-0.00487394681230613,-0.00330490679777518,-0.0050704524645776,-0.00468244638632775,0.000959941141887022,-0.00769455369547989,-0.0112243985873002,-0.00156416056832676,-0.0100466733653837,-0.00762658990495402
"1780","1/28/14",0.000244462133044188,0.00803235345023778,0.00701088605057687,0.00860552714005136,0.00593179641421471,0.00323561773837366,0.00836247585750005,-0.00332538403178284,0.00971191156705919,0.0138929810731339,0.0114114140877928
"1781","1/29/14",-0.00892534100985243,-0.0155476850898427,-0.0182520180533027,-0.00538456243308227,0.00406660706116391,-0.00191144353952943,-0.005428349144458,-0.00931894851392068,-0.0107560233803681,-0.0083574335792358,-0.0105918284150994
"1782","1/30/14",0.00431796513010574,0.0168788334836025,0.00287519060166108,0.00241535370667734,0.00475914241667241,0.01711570400902,0.0151607699045826,0.0152132720886471,0.00878177207565578,0.0177378289186816,0.012799829208282
"1783","1/31/14",-0.0011058477896031,-0.0112598894811066,-0.00410905067833145,-0.0139581398121664,-0.00463572989845851,0.00694270935494923,0.00537633527839509,0.000228602484739993,-0.00528526213092173,-0.00828107525802291,-0.0107998011941363
"1784","2/3/14",-0.0317262441131833,-0.0272922493676244,-0.022836353197083,-0.0180314752169095,-0.026424991580796,-0.0104009929649711,-0.0158943072811145,-0.0217291534294531,-0.0293809463813952,-0.0229147217776484,-0.0241576811503648
"1785","2/4/14",0.00711188483254221,0.0112030059495096,0.00579326353370058,0.00823731561520624,0.00967128661605021,-0.00590438819057826,0.0120757204904369,0.0045591877309874,0.0082651426238205,0.00993735603977264,0.0102353437142559
"1786","2/5/14",0.0011350366102203,0.00039931678931393,0,-0.00995748408318498,0.000309008115455089,-0.00427671781687133,-0.00208808115890102,0.000232752607324471,-0.0027679073278668,-0.00580537472065501,-0.00188496469160671
"1787","2/6/14",-0.0015117889120223,0.0206524787364146,0.011910660409014,0.0160750439842514,0.0151358333920146,0.00715826997306368,0.00732325956729785,0.0125654679203668,0.0132379288205553,0.00405774813521798,0.0132200108971312
"1788","2/7/14",0.0102184606498317,0.0121209722431843,0.00897254897149624,0.0104907426915704,0.0136932536931156,0.00651503902997042,0.00756683898074839,0.0137885969620739,0.0153832158990328,0.018728517189426,0.0100186177076833
"1789","2/10/14",-0.00162345681712484,0.000193239989875416,0.00487664621917272,-0.00627925634620052,0.00340175795468189,0.00729655010425923,0.00942425383369683,0.00373985080124362,-0.00518855439522259,0.0104499374495788,0.00346019013185495
"1790","2/11/14",0.0118824538712643,0.00820785034568305,0.00999130093925182,0.0144072596888696,0.0130635808131017,0.00806185577368868,0.00393861468065282,0.0100498354434178,0.0104308763966123,0.0121610960044185,0.00919531362711523
"1791","2/12/14",0.00370841636396202,0.000670426886733688,-0.00339169588292065,-0.000249348194901744,9.86031817402644e-05,0.00150662504205878,0.00058137232850286,0.00335391307604382,0.00536788149888534,0.000473201595175832,-0.000683060539531488
"1792","2/13/14",0.0130538719997915,0.00535996544885231,0.00557772855035776,0.00523389539765584,0.0104331466886998,0.0121516033138667,0.00377568356095881,0.00924804381124167,0.00400460493170374,0.00879424802046302,0.00433074669806155
"1793","2/14/14",-0.00607787593656695,0.00447434998323315,0.00573474610584945,0.013967193627036,0.00691581940469277,0.00617409201605179,0.00390613503092951,0.00264937717859692,0.00582932555445459,0.00206228026465016,0.00204309561859195
"1794","2/18/14",-0.00464796177058835,0.00180083259344443,-0.00486075383627038,0.00505325903966414,0.00193475078457905,0.00329533016972183,0.0049000930365577,0.00385387726975828,-0.000101553233630702,0.0108512482459406,0.00339701397368564
"1795","2/19/14",0.00135155933575759,-0.00813636011518848,-0.00319371395631096,-0.000729887001568397,-0.00820679670363778,-0.00577639849238776,-0.000573713609059556,-0.005484307485499,-0.00864344127655903,-0.00694054225582452,-0.0121895158419064
"1796","2/20/14",0.0143575849158535,0.00753542629643822,0.00603092402863115,0.00714163949552482,0.00944300258352393,0.00843029465158085,-0.00215254030861667,0.00463221152997906,0.0108728025186753,0.0105301812762115,0.00274222152169612
"1797","2/21/14",-0.00931485103648622,0.00170427133721041,-0.00234178779996619,-0.00580175866325805,-0.00106083637665211,0.00112963490073348,0.00244465407254868,-0.00263482504190116,-0.000304454058710157,0.00018446237029468,0.000911565700296268
"1798","2/24/14",-0.00610599021340241,0.00576490095618887,0.00422515286387548,0.0165343279331371,-0.00511681293884514,-0.00270810216767881,0.0024387638403689,0.005393463324602,0.00781590112611785,0.00709930455794106,0.00774130215987401
"1799","2/25/14",-0.0072489621063464,0.00563804367368048,0.00299170569610308,-0.00111632775560722,0.00329924469590348,-0.000226196151254299,0.00329125967788402,-0.00251804275428835,-0.00483452718225852,-0.00128177019093745,-0.00497049164956942
"1800","2/26/14",-0.00643575846930455,0.0071949716910118,-0.0010254603276425,-0.00590663354299792,0.00899515163643483,-0.00350846019147355,0.0022820077550465,0.00252439929965376,0.00313759883598741,0,-0.000454202271378046
"1801","2/27/14",0.0145738675021876,0.00361795331630499,0.00391899037669785,0.0002408465389101,0.00671006707378319,-0.00272563303934215,-0.00270367107272407,0.00744488420871714,0.00595211297205034,0.00494997312143464,0.00477060000813578
"1802","2/28/14",-0.00798012053720543,0.00351277220690394,0.00641332335992506,0.00577986831689725,0.00390402654254762,0.00683269252040897,0.00927525038763011,-0.00358635211941005,0.00190546447293527,-0.0047429748840303,0.00633054090438545
"1803","3/3/14",0.00024741134267936,-0.00884330216671469,-0.00554118931887937,-0.00566704182217082,-0.00294021342583661,-0.00950115407566832,0.000565478930041108,-0.00741620965840062,-0.00770775800424972,-0.00604906244030368,-0.0083125853135555
"1804","3/4/14",0.0180646943792542,0.0136619895450707,0.0154158030992613,0.0112379025325062,0.0158865678207025,0.00867901611674271,0.014412549658626,0.0164815787770773,0.0173509619911394,0.0197326675705405,0.0190302429033478
"1805","3/5/14",-0.00291661202607485,0.00247529262945867,-0.0020118762472594,-0.0105572230417798,0.0016854235838315,-0.00645318359020464,-0.00125348101871348,0.00205378991370631,0.00118987920530533,-0.00217017492065585,0.00578037283220345
"1806","3/6/14",0.000731428207080942,0.00320143285444008,-0.00128289895834199,0.00633766007270564,0.00411340856105125,-0.00615318985179869,-0.00836819865454841,-0.000647182662646961,0.00633870537283832,-0.00806526210765135,0.00508393269893403
"1807","3/7/14",-0.00328900702701485,-0.00145885295329962,0.00174333448947905,0.00199304349451901,-0.00242062638564289,0.00217843688498731,-0.0108296571060036,-0.00291457640716664,0.00196829144901156,-0.00274066192513078,0.00219898156017728
"1808","3/10/14",-0.00244385687165072,-0.00283031926324451,0.000915978317915345,0.00206863904080312,-0.00279968406019937,-0.000801001937317358,-0.00526116524077269,-0.00248995322141199,-0.00510767096577847,0.00274819379522828,-0.000219051590350849
"1809","3/11/14",-0.00404258865279072,-0.00540194914131542,-9.14059448984261e-05,-0.0129416060485035,-0.009733250167965,-0.00354933944129954,0.00628944489153338,-0.00358150856403006,-0.00770067703532651,-0.00255806547137916,-0.00636532239866594
"1810","3/12/14",0.000368712536049642,-0.000460266150839495,0.00173879414675793,0.0010455461507457,-0.000567251227377885,0.0124093883715592,0.00298297310706341,0.00326770014506561,-0.00218881531416837,0.000549567617008861,0.000220796347949692
"1811","3/13/14",-0.00491799216480704,-0.0142752357825153,-0.00557343968958524,-0.00996374932697419,-0.00888873573156823,0.00964727346398586,-0.00467359806887124,-0.0159592160174178,-0.0147571487074701,-0.0140055943185429,-0.0101588845379357
"1812","3/14/14",0.00308899417851616,0.0011211721778055,0.000826988648368943,0.00284070032531458,0.00143077355417653,0.00618254927838069,0.00256119729255655,-0.00507487265987527,-0.001821661857067,-0.00454947853089227,-0.0035699135314976
"1813","3/17/14",0.0124413625719741,0.00690626889605195,0.00697711364554343,0.00639357759439529,0.00733635211628414,0.00547400763357708,0.00212889334185085,0.011421603424195,0.0123695105217516,0.00820734519319122,0.00940466781973148
"1814","3/18/14",0.00888167723298205,0.0051904771562219,0.00191448315512055,0.00884603186607591,0.007377110717385,-0.000221821124907207,0.00297404848102412,0.0148007468321461,0.0058085818229916,0.0136910556919365,0.00465842391557025
"1815","3/19/14",-0.00422067232177292,-0.00627031551269897,-0.00873540179510301,-0.00821040777054693,-0.00863775418764368,-0.014558929235018,-0.0189213217083208,-0.0049696150931724,-0.00836412904379824,-0.0035589688009956,-0.00353296336756703
"1816","3/20/14",0.0181664693009564,0.00176321744018537,0.00321300581113104,0.0048223083006329,0.00435666441058702,-0.000338492662754875,0.00172728046959736,0.00553759592374337,0.00130555336848648,-0.000915986515738432,0.0146242586277765
"1817","3/21/14",-0.00154640680102869,-0.00574293789809588,0.000914889406953723,0.00383940406574101,0.00424330985270172,0.00767178389619261,0.00919527499382422,-0.00561507608295131,0.000601598543033877,-0.01879167953886,0.000218554662844817
"1818","3/24/14",0.00166798435543591,-0.0108998830394934,-0.00100543147847465,-0.00286855562955934,-0.00910799994620559,0.000801334478503613,-0.00654917348793116,-0.00532074733599841,-0.00440966866740045,-0.0151346192977282,-0.00262027165470335
"1819","3/25/14",0.00237856930167468,-0.00734684160953603,0.00585629116728259,0.00823081159834005,0.00596992300587362,0.00462430453951534,0.00913088258136141,0.00545837594654408,0.00694590477663182,0.0068299564567571,-0.00037307685816701
"1820","3/26/14",-0.00545793562107799,-0.00816014049271407,-0.000818625569254272,-0.00435928240151195,-0.0159194241142699,-0.00449069679837377,-0.0112922250488243,-0.0145494035396966,-0.0111967038213364,-0.00113076749971042,-0.00987918121988618
"1821","3/27/14",0.00536864650762992,-0.00420934301044251,-0.00118360367918546,0.00923437230991353,-0.00191430526576686,0.00733059441717354,0.00636121470412454,-0.00572943736152132,-0.00272960242922116,-0.00113159224171644,-0.00443457331035646
"1822","3/28/14",0.00225480950514112,0.00883862834751259,0.0025522527005688,0.0125413309938378,0.00613789874360693,0.00134341825363959,0.00603373148064201,0.00365690517305461,0.00709636093214705,-0.00566566762517418,0.00356353479631921
"1823","3/31/14",0.00769583199333201,0.00752291921039561,0.00736496282026367,0.000311640398369617,0.0133448921754262,0.0120749777997757,0.00842484246769426,0.0105995296082211,0.0125830593244267,0.0153843171152923,0.0104304852321553
"1824","4/1/14",0.0089294807998177,0.0140832201015675,-0.000722127226427394,0.00568490960606183,0.00714880578763566,-0.0062968551957574,0.00453148798422642,0.0133290180074397,0.00805254476844208,0.00785651597086789,0.00549061012783558
"1825","4/2/14",0.00256199480535768,0.00717679607372412,0.00207773017080526,0.00394897631911184,0.00700473349975961,-0.00122298262221543,0.000845698965315389,0.000431540610904779,0.00719918975973388,0.00408299372431342,0.00152917923419427
"1826","4/3/14",-0.00243944516771821,-0.00610764050614954,0,0.00393391414461863,0.000556359005424945,0.00300542890978539,-0.00211267894300826,-0.00819073496954859,-0.000783314409737113,-0.00591505653295632,-0.00218087285303592
"1827","4/4/14",-0.0108288986589175,-0.0180634586690261,-0.00567879706677665,-0.00399513199295787,-0.0122357331108301,0.00366213253244618,0.00338728556999013,-0.0227099113609551,-0.0130328256598113,-0.0174783558947793,-0.0107105232212827
"1828","4/7/14",-0.00800461627477123,-0.0208608015086946,0.00253821121801767,-0.0155044914851222,-0.0166103846519506,-0.00298538590039255,0.00323535202636216,-0.00922850666598585,-0.0147934834955213,-0.0116388445753765,-0.0141404460372767
"1829","4/8/14",0.0111548052569796,0.00949055871844151,0.00370756278951068,0.0102640925016193,0.00515324829439856,0.0136410016903941,0.00616946777300909,0.00886557220586659,0.000604824013148209,-0.00536169227733352,0.00224128757286524
"1830","4/9/14",-0.000469720357365588,0.0117036134676736,0.00513500061474104,0.00589424144188477,0.0136711441991932,-0.00196926257207675,-0.0025082439468942,0.0161290512012211,0.0137978007317641,0.0219463470611383,0.00693208130922907
"1831","4/10/14",-0.0110366172115547,-0.0251279264857955,-0.00905262351068414,-0.0139553611649751,-0.0192937733028775,-0.00559082124392218,-0.00950010907743459,-0.026382150030981,-0.0196701658356049,-0.0341904851487339,-0.0213191848038788
"1832","4/11/14",-0.0125844944875066,-0.0132281956602657,-0.00605989965411824,-0.00258047358338898,-0.0127971725891665,-0.00110254846209079,-0.00606473812133035,-0.0131547928976458,-0.0108430780072949,-0.0124827138855259,-0.011572366490176
"1833","4/14/14",0.00468880413221817,0.00650574322746289,0.00664286914121015,0.0126999264639436,0.00744910994156744,0.00618029061280612,0.00595995620266776,0.00922861370395367,0.004917319783037,0.00365384783060319,0.00757553767579267
"1834","4/15/14",0.00179539237028248,0.000783543084706961,0.00307368247151873,0.0124634467287663,0.00489723806080455,0.0132717285281054,0.0118493610287549,0.00530597339650729,0.00581106050543223,0.00964266943875103,0.00729090230355323
"1835","4/16/14",0.00895964610777367,0.0136998777255646,0.0100034373446702,0.0125389624197869,0.014046671968005,0.00725289464241041,0.00641293497309414,0.010218855048884,0.0160146240611039,0.00662711084928214,0.00746453427201321
"1836","4/17/14",0.00828784033826779,0.00135121908383562,0.0010708951970626,0.00898606807294522,0.0027326824135987,-0.0101022273523674,-0.00581809151254664,-0.00111154604913644,0.00847969755168654,9.69855936510111e-05,0.00179598277727266
"1837","4/21/14",0.000352109822835844,0.00231367085867573,0.000712893161064043,0.00621168190449883,0.00131582940081332,-0.00151982837106601,0.00571264454729392,0.00422864170738735,0.00326417319088668,0.0124877041556206,0
"1838","4/22/14",0.0062212316197332,0.0108687784851891,-0.000356157257961676,-0.00185948184736473,0.00431709916373957,0.00195714738025843,0.00221670689691034,0.00642736094093821,0.00236662235372886,0.0111866927470032,0.00694771700525543
"1839","4/23/14",-0.0171485726572164,-0.00618474285519099,-0.000801927661347901,0.00439635298504104,-0.00130821420340455,0.00130205861290134,-0.00400877914775388,-0.00902887821508747,0.0024591192028971,-0.00529519881862484,0.00111267830515738
"1840","4/24/14",-0.0128188842100588,0.00459552612154757,0.00222928700388469,-0.000816125756845754,-0.00449139826259759,0.0058524553471393,0.00416372976901003,0.00744452788704897,-0.00264933543736579,-0.0019009970268834,-0.00133387222304238
"1841","4/25/14",-0.00901780359924276,-0.0162965282057009,0.000801018432526002,-0.00527167508515247,-0.00780167167557633,0.00991276114179951,-0.00387005340830848,-0.0159919025958979,-0.0106258058461034,-0.00857145907639467,-0.00823694531583397
"1842","4/28/14",0.00363992592222684,-0.00406900927673715,0.0112906578821523,0.00194059784201905,-0.00530505094286293,0.0048010063402808,0.00777031529090566,0.00571615563140915,-0.000696135172071677,0.00422678301164559,-0.00471360174986202
"1843","4/29/14",0.00882488240863033,0.00632296164902257,-0.0035163806624825,0.00461915724181816,0.00733331465490061,-0.00456581169518688,0.000688381950475492,0.00757820273263921,0.00308498036940064,0.00698296687772992,0.00699146510299142
"1844","4/30/14",0.0116236287204154,0.00531665913832891,0.00238187137784385,0.000519029198424947,0.00671302649335748,0.00170685987872443,0.00357747814015164,0.00353934225569597,0.0070436325737524,0.0020898312012223,0.00268743597673105
"1845","5/1/14",0.00687038949057994,0.00394225761305766,-0.000616084453883725,-0.00452114320314556,-0.00432033080181182,0.00383344546148456,0.00424990995226859,-0.000330746667213333,-0.00187167630306906,0.00189592329711363,0.000670027450227151
"1846","5/2/14",0.00317635536948102,0.0037351474587819,-8.81106021232148e-05,0.00394602988008397,0.00490472570883482,-0.0184576615615571,-0.000273201376228882,-0.00176383680658543,0.00019730464583656,-0.00700169846537235,0.000892952355433296
"1847","5/5/14",0.00340147921883305,9.54992809050204e-05,-0.000792605305097616,0.00452369747936499,0.00319141841580883,0.00767310135740207,0.00204847946298203,0.00342380355848615,0.000493348691744666,0.00619344510032338,-0.00446068009143896
"1848","5/6/14",-0.0106361701321046,-0.0132619982630841,-0.00722773484498873,0.000591025047883997,-0.00552009002847509,-0.00482632553976603,-0.00354296313888502,-0.0118877479685954,-0.00828477160444741,-0.00965908449627029,-0.0118725339908187
"1849","5/7/14",0.00602498008457708,-0.0027075339393039,0.0100328549151294,0.00737798416569291,0.00771459123060114,0.0158423755168329,0.012035031602732,-0.00323045834725932,0.00706122197607972,0.00143416167593258,0.0120151846793299
"1850","5/8/14",0.00587143575183102,0.000290786525346309,-8.8027781567912e-05,-0.0148684356822477,-0.0056951252851063,-0.0106090349708087,0.00229716065246532,0.000446846180752969,-0.0011852240233724,-0.00658815274021918,0.00112037681438393
"1851","5/9/14",0.00817153234834267,0.00562203016678287,0.00483524674368097,7.44256372733343e-05,0.000187647898963084,-0.0129744938082977,0.000674022174856903,0.00234617537018145,0.00138421019703427,0.00682426254879931,0
"1852","5/12/14",0.00625310047954253,0.0137831178862446,0.00236238253088539,0.00602187055114567,0.0154901611516014,-0.00760435148776606,0.00309879404815838,0.016716591862767,0.0166863940746498,0.012983287792572,0.0116357682071904
"1853","5/13/14",-0.00563874887851623,-0.00342265642077866,0.00113439749862732,0.00354736030503489,-0.0012018045822525,0.00109443717889057,-0.006447240267072,-0.000219055507424071,9.72316414968866e-05,0,-0.00376030127509508
"1854","5/14/14",-0.00115710819161563,-0.0108758026966195,-0.00592846950607873,7.34501874721794e-05,-0.00120309733630453,0.00481149836404238,0.000405871810875036,-0.00679766923357328,-0.00941917464477782,0.000565386916520305,-0.00777085384149867
"1855","5/15/14",0.0016217766915998,-0.00675185502809061,-0.00885818557517393,-0.0119284555942595,-0.0148270992819733,-0.00359129594881002,-0.000540864761049087,-0.00695430697571042,-0.00960705816307894,-0.0097013498920735,-0.00984578865605779
"1856","5/16/14",0.00821298878466492,0.00631206703785869,0.00645971450719829,-0.00245919588270893,0.00348013600940345,0.00327665653649056,0.00919441886122763,0.00644737728458344,0.00237550746740611,0.0030434509690731,0.00180812763056726
"1857","5/19/14",0.00126193083938464,0.00482486832249429,-0.00175849957181728,0.0034366172113327,0.00618688062770234,-0.0142608867842665,-0.00401944713616231,0.0093878986248257,0.00543109704526579,0.0074910039014755,0.00586513044765113
"1858","5/20/14",-0.0154690190808309,-0.0101795277155575,-0.00484412019001168,-0.00260586600801227,-0.00735979175723211,0.000331445337423464,-0.00309417506143284,-0.00612774095641055,-0.0140444626027322,-0.00734102230398948,-0.00650383667424237
"1859","5/21/14",-0.000582166062451428,0.010963203096614,0.00663787218064593,0.01179367205844,0.00516175575934419,-0.000110540552144323,-0.00661132568903011,0.00792699865275459,0.00816823063613503,0.00739531145029093,0.00564335769584012
"1860","5/22/14",0.00512428875667803,0.00643025177836654,-0.00167053616164115,-0.0016230402971994,0.00214757831267387,0.0083912403180797,-0.00176591644992652,0.00284005139049648,0.00355692922620898,0.00630586047453496,0.0038161089542732
"1861","5/23/14",0.00498184864442064,0.0081051660703233,0.00229002574585402,-0.00147774050738114,0.00903764845057409,-0.00164236384401262,0.00884454491520947,0.00925865412099802,0.00777801982770931,0.00205750079758849,0.00357770516212974
"1862","5/27/14",-0.0006915940064669,0.00539168493509878,0.00386593362770959,0.00199808577056237,0.000369292673350508,0.00800605071991134,0.00714881025103509,0.01111529743405,0.00615465515981706,0.00718715251467494,0.0098039343425802
"1863","5/28/14",0.00530681521081289,-0.00244617569349559,-0.00131295497570827,0.00214181858547979,-0.000553851738302247,0.00598442214434991,-0.00629461377838147,-0.00298830305294306,0.000388381402575355,-0.00231675632084827,-0.00242713890748925
"1864","5/29/14",0.00309846983774142,0.00377247055381513,0.00937786077397962,0.00795927314484013,0.010066673434425,0.000540598119890268,0.00202183368745512,0.00620906786627695,0.00291166564954204,0.0063161724476255,0.00176956215453461
"1865","5/30/14",0.00320322991648636,0.000469860887597706,0.00677245441018903,-0.000877442136742235,-0.00155461092244202,0.00767467105000486,0.00457272762176575,-0.00148929143426513,0,0.00147670449447057,0.00220776526485023
"1866","6/2/14",-0.0060439732002423,0.00272347611327506,-0.00327738189063809,-0.00256129921396853,0.00366307767411866,-0.00107257145420114,0.00307960977813981,-0.00213102631606066,0.00416135204217305,0.00101400183727596,0.00286431193629744
"1867","6/3/14",-0.00826066357682043,-0.00159225694988774,-0.00268217436278961,0.00381522831787473,-0.00255467907748375,0.00246993381754468,-0.00053384295733705,-0.000854183083920157,-0.00260201439065344,0.00248591917784635,0.0010982565229205
"1868","6/4/14",-0.00300802870413164,0.00497187046008163,0.0045981460110267,-0.000511816946624499,0.00256122217819521,0.000856947904983141,0.0020032739348268,0.0028855277026516,0.00106309053674591,0.00321441546624102,0.00351123845442758
"1869","6/5/14",0.00522173765840539,0.00597396664561067,0.00354090355766501,0.00585002980606442,0.00620423645002321,0.00952595326867711,0.0183924184260214,0.00905793135951427,0.011679391809003,0.00366185820250431,0.0109334101919283
"1870","6/6/14",-0.00173147019319553,0.00584594134191341,0.00240977821926625,0.00901500568087332,0.00625704487697742,-0.00328683180478062,-0.0041876911727925,0.00528034386306198,0.00944561641343045,0.000273915251764123,0.00648960410142974
"1871","6/9/14",0.00358483125365905,0.00156824501782915,-0.000944534135813191,0.00129697423197239,-0.00288369613059491,-0.00553150752067422,-0.0120912148153234,0.0031514910239816,0.00595453203515639,-0.00246219474619613,0.00322398704790161
"1872","6/10/14",-0.00426331573641825,-0.00239489433269824,-0.000257701846485991,-0.00151125677413055,0.00144578839914167,-0.00299452459923077,-0.00744988506714439,0.00188488718470725,-0.00253673777954644,0.00210255131933001,-0.00192833181157781
"1873","6/11/14",-0.00335579546653964,-0.00267746080379894,-0.00300855871084516,0.00389174765799138,-0.00451227977085311,-0.0116940094265539,-0.00268043861107059,-0.00104502598033673,-0.00819505431517031,-0.000456045029533891,-0.00665384627680787
"1874","6/12/14",-0.00754671165290521,-0.0126828284638868,-0.00681068813803831,0.0039481413486202,-0.00888377813840935,0.00303924930971755,-0.00255344611369901,-0.00858021519219476,-0.0137717186877394,-0.00520228402260769,-0.00475348884601323
"1875","6/13/14",0.00818894621071409,0.000750258844329776,0.000260171241324603,0.00993934132721197,0.00439033851799664,0.00541125247210461,0.00255998289206594,0.00633252268134155,0.00288918648425618,-0.000733920935938714,0
"1876","6/16/14",0.000812687600287854,0.0036539558292159,0.00347152247719817,0.00481450758831636,-0.00136607856398363,0.00710451654148381,-0.00510700873191372,0.00136334338996735,-0.000768269571683633,0.00275424951625314,-0.00369100337001937
"1877","6/17/14",0.00440546978744782,0.00410764759627225,0.00121052407239097,-0.00119789225896494,0.00355644543085054,-0.000641274608174869,0.00256667062752136,0.00377042609209433,0.00355565128401469,0.000732589974935749,0.0100239090860392
"1878","6/18/14",0.00900387683055559,0.00697268231178549,0.0110566615620213,0.0075485079803852,0.00972301026668054,0.0201067232341312,0.00700591329016564,0.00469535426157242,0.00536239522923432,0.00759385581364347,0.00539366403903729
"1879","6/19/14",-0.000686493237536778,-0.00166179436536551,0.00546761729633527,0.00672177194376977,-0.000810067692572747,0.00775877195615338,0.00829594680877377,-0.00259647355603421,0.00247648368023023,0.00299614345851928,-0.000858295000568332
"1880","6/20/14",0.000458012201913549,-0.00258951806376206,-0.00297374916054893,0.00945904632462602,0.00549413427002188,-0.00561805113694236,0.00344998989574674,-0.00176988424325408,0.00437051233412333,0.00932487529534187,0.0038659652733033
"1881","6/23/14",0.00183087606519838,0.00185462840103057,-0.00588035012857135,0.00316922788810059,0.00116415309398077,-0.00260469969822474,-0.00409966848151566,0.00260742563467065,-0.00529746426753053,-0.00394647057847153,0.00149751128067033
"1882","6/24/14",-0.0051403192911682,-0.00268398227573852,-0.00411511266319442,-0.0210163571995103,-0.00957308057153361,0.00274878803779166,0.000737145840570053,-0.00603385552606395,-0.010556378323575,-0.000900644388063254,-0.00650559679927531
"1883","6/25/14",0.00344455005020361,0.00853737935110321,-0.000344190763212682,0.00743643476602363,0.00776877943002119,0.0052714041640034,-0.00200878990394304,0.00596598653147629,0.00173025757576006,0.00982420166692122,0.00172885736293327
"1884","6/26/14",-0.000343072192782956,0.000644007073715036,-0.00387485538536436,0.000974998794126547,-0.00179272408635334,0.00188768425781216,-0.000939344143527032,-0.00166480607503239,-0.00105565461142665,-0.000267736007202979,-0.00302044453938943
"1885","6/27/14",0.0041202971586467,0.00367826374746882,0.00216114543141943,0.000347653721250341,-0.000179537847862621,0.00408269662938965,0.0076561392705301,0.00562781924499656,0.00336191603675862,-0.000892705133311189,0.00259698598351621
"1886","6/30/14",0.00262160397534683,0.000274922651779086,-0.000776558662248461,0.00118237772907981,0.00377217194667523,0.00813171670283008,-0.00239930155388679,0.0031092863478055,-0.00210604829709571,-0.00250206274059717,0.0010790890302117
"1887","7/1/14",0.00454769569590519,0.0104413404525512,0.00379841296097783,0.00118122141451749,0.00384754752132088,-0.00899688734570447,0.00534475757038044,0.0109517253437783,0.00700296483595464,0.0134372263596481,0.00603717056049424
"1888","7/2/14",0.000226335567824476,0.000181140290524962,0.00154799357134183,-0.00166538252103943,0,-0.0193049091445036,-0.00239246524703884,-0.00061328373641234,-0.00304838182891776,0.0060108529961902,-0.00150036485728344
"1889","7/3/14",0.00531782758831389,0.00770373167933158,0.00489433489437041,0.00472578269432433,0.00766545363072502,-0.00947032051083752,-0.00572858336429749,0.00460172536781389,0.00793132184874445,0.00298743626826048,0.00622458186178187
"1890","7/7/14",-0.0040517698861634,-0.00674526816470511,0.00119634379082978,-0.00871543528623708,-0.00981854327846643,0.00322266357832368,0.00294766130456803,-0.00203596109733417,-0.00938577370559757,-0.00902329761803045,-0.00469275210760423
"1891","7/8/14",-0.00802355826213297,-0.0108657853661912,-0.00213366334158405,-0.00118627338385235,-0.0032161402469647,0.0070671150753181,0.00293953910167155,-0.0118318558571041,-0.00650781781232146,-0.0113155120515562,-0.00685845116018791
"1892","7/9/14",0.00455703444031363,0.0106190594935283,0.00367760003209971,0.00635739135126845,0.00304726402503008,-0.00223278106714209,0.00159861572839448,0.00433527631042763,0.00144480937048019,0.00402376896239498,0.00107904607693299
"1893","7/10/14",0.000907084389462076,-0.00905799915768779,-0.00110782415052968,-0.0104131405311082,-0.00643327212788058,0.00511525285520853,0.00452144493153295,-0.00359720510213901,-0.00529032260383666,-0.0006231958777414,-0.00474232074921332
"1894","7/11/14",0.00543860588637646,0.00155376294505882,0.0010240010618825,-0.00827772177110619,0.00188853033371772,-0.00689152920348723,0.00013249738680754,0.00330057665952954,0.00386806098629155,0.0017820783130198,0.000433174319674601
"1895","7/14/14",0.00461995781249058,0.00301188201443292,0.00315307066330295,0.00926650635403448,0.000538659291059895,-0.0109958068199508,0.00489824530330485,0.00771069106438205,0.00635770544633596,0.00364699218118059,0.00584542821806
"1896","7/15/14",-0.00213088584902521,-0.00445862048335588,-0.00773075237181431,-0.00518662642457413,-0.00251204990627074,0.00410174404720953,0.000658410678767263,-0.00295848565801338,-0.000287033240231493,-0.0100149360433281,0.00602658667320677
"1897","7/16/14",0.00325988815436729,0.00173664047695277,-0.000599310834825006,0.0152176696515356,0.00539613875468126,0.00215003361587418,0.00315952915738427,0.00746948408938453,0.00382982938824328,-0.00268592198973761,-0.00299524224957903
"1898","7/17/14",-0.00974796593582317,-0.0093065934947355,-0.00719613022308752,-0.0150587190325818,-0.00590369880573194,-0.00976174655242301,-0.00511792129753819,-0.0128986179427044,-0.0154521382780917,-0.0117593414040785,-0.011373208631421
"1899","7/18/14",0.00678892688992772,0.00976226399658064,0.00983680455955738,0.00359317124913039,0.00800861697013278,0.0113747162082767,0.00989302464655251,0.0134785755240554,0.00930052283462524,0.0168043561450038,0.0102017744916274
"1900","7/21/14",-0.00752994718477451,-0.00547223667416763,-0.00521223610735422,0.00140409920431317,-0.00392804927220025,-0.00182112960595027,-0.00365717840923141,-0.000507381562596332,-0.00239955153791271,-0.00375198774762575,-0.00322315565973741
"1901","7/22/14",0.0050958837543944,0.005227294399202,0,0.00778187177788081,0.00259905196538224,-0.00118019214455356,0.00314633868138037,0.00883686409925288,0.00577290267161579,0.00878766679723419,0.00366469805303105
"1902","7/23/14",-0.000112815638120711,-0.000638542934541131,-0.00137441102957003,0.00577375498399779,0.00268177774101286,-0.000644644516871296,0.00182976133616108,0.000603959841373847,-0.00296542249237108,0.00995548668557933,0.00214791817469862
"1903","7/24/14",0.000788746065051527,0.00310369137465583,0.00352659849621184,0.000968453876993625,-0.000267475271778728,0.00257993980559346,-0.0013047545086553,0.000905800746737295,-0.00537336824016621,-0.0026403929839276,0.00235735658833769
"1904","7/25/14",-0.00292732120800632,-0.0112848858282694,-0.00497134781409936,-0.00780823820502496,0.00142680484264002,-0.0080417719551571,-0.00692270916896554,-0.00331767043407927,-0.0043411986810189,-0.00370614513183953,-0.00513150044939825
"1905","7/28/14",0.00248417439074045,0.0011046259307228,-0.00551313557319189,-0.00215884259774846,0.00178097971407509,0.0137279339658902,0.00697096714715162,0.00131139666342639,-0.00658852799020848,-0.00053167809022947,0.000214899628968368
"1906","7/29/14",0.0245551574885774,-0.00220674512347774,-0.00493706503584335,-0.00314075392726498,-0.00711118514549947,-0.00980995614132774,-0.00483285859191152,-0.00382796151404297,-0.0104359113829524,0.00283613300973928,-0.00494198331605944
"1907","7/30/14",-0.0020889709458396,0.00460715884204888,-0.00966209667411833,-0.00567102525740759,-0.00393899638152717,-0.0148611451992707,-0.00209999957805784,0.00424700784507737,0.00108419826153661,0.00494862974495303,0.00302333783560882
"1908","7/31/14",-0.0194998902613659,-0.0177028700269652,-0.0170520080221991,-0.0242218581365556,-0.0204924679137675,-0.0163970800203636,-0.0148625257561215,-0.0203401105672341,-0.0200845653035787,-0.0210164584165253,-0.0191606102911347
"1909","8/1/14",-0.00629193014618312,-0.00326824477287413,0.00769030073356047,-0.00793806360144755,0.000825660509661486,0.00311213232743635,-0.00240303099028127,-0.00431709347204445,-0.00110539864182557,-0.000449194438152611,-0.00899905220254071
"1910","8/4/14",-0.000113118230638642,0.0102116062967912,0.00381572507169037,0.0165117589018864,0.0113686411781437,-0.00476431659822352,0.00695926427115956,0.00691639752579509,0.00321864259797389,0.00521199838774145,0.0068657990133747
"1911","8/5/14",0.000904731328927433,-0.00686256724119461,-0.00530418241467001,-0.0216102357270745,-0.0094278189885344,-0.0122452068705536,-0.0102338575458628,-0.00738151626392769,-0.00471200569218322,-0.00795624574569753,-0.00813896947179538
"1912","8/6/14",-0.0185290664727483,-0.00158758913518908,0.0082652498660567,0.00336461709690439,0.00613168488802351,-0.0112702817169273,-0.000403084034436896,-0.00165258656829936,-0.00342488447411793,-0.000991422121145447,0.00377025821466614
"1913","8/7/14",-0.00840329617255398,-0.00551799277385068,-0.00687521196407714,-0.00707059346241312,-0.0076405561046694,0.00980292106021641,0.000537552213830228,-0.00372439755968634,-0.000101291130273351,-0.0110048744249894,-0.00375609676000166
"1914","8/8/14",0.00325056512841049,0.0144832523584386,0.00931920572901634,0.0173981760702311,0.0104489466646829,0.0199795769098612,0.00590740983799276,0.00664605209961633,0.0134452957598397,0.0111273292864726,0.00864940301546646
"1915","8/11/14",0.00127273651916648,0.00454244709105067,0.00791424555013753,0.0012989042460636,9.08662800063187e-05,-0.00287734959542085,0.00627326569272868,0.006705095961826,0.00578548189591821,0.000902265580851269,0.00175905730227099
"1916","8/12/14",0.00231133103294145,-0.00350670893380445,-0.0011342792525012,-0.00742213168839756,0.00145118424034085,-0.000999045921783348,-0.00159152171030852,-0.00225438854098636,-0.00307465366761106,-0.00153227252937371,0.000658665865386432
"1917","8/13/14",0.00196026518097203,0.00277818054196266,0.00253307798795466,0.00384763169414848,0.00561548280847934,0.00466618841890099,0.0144812764206597,0.0108863246576942,0.00905296541437961,0.0122755491616602,0.00636072922036668
"1918","8/14/14",0.00161096745612221,0.00849660812729014,0.00409468346677722,-0.00571369873592931,0.00108101564208907,0.00973163941550914,-0.000654787748757157,0.00142228526538846,0.00581705802646826,0.0113239707447523,0.00414144271515871
"1919","8/15/14",-0.00275732402792372,-0.00183155257972767,0.00112801000394414,0.00712867805499617,0.00170927382538455,0.00383302729463697,-0.00104826001427749,0.00111597679054776,-0.00254857833884115,0.000352801857292695,-0.00325594225664583
"1920","8/18/14",0.00334090246739938,0.00926601213782319,0.00563346882732141,0.00332231029739383,0.010687985819904,-0.00120018498680541,0.00983859721685643,0.0102351881777998,0.0166075083491353,0.00828488454688237,0.00958188417768846
"1921","8/19/14",-0.00390381478518764,0.00745377281436799,0.00275814009368802,0.00727032421611451,0.00355445322140646,0.0119061436347239,0.00207846401703593,0.00762349687064612,0.00290008918275975,0.00681817866394274,0.00237280088106817
"1922","8/20/14",0.000691500725762184,0.00424074572802402,8.56876689638852e-05,0.00242972386951745,0.000619964293576913,0.00259050944010597,0.00453705651197533,0.000199182641924978,0.00742164957153779,-0.00052093929422159,0.00301245539575823
"1923","8/21/14",0.00195845859770749,-0.000898314544274914,0.000859525605757527,0.000427683832663339,-0.00106208160136734,0.0021533625251009,-0.00154826408225095,0.0047774251352446,-0.000382612020884299,-8.6814109130362e-05,0.00944032117492322
"1924","8/22/14",-0.000345144846597201,0.00179838916139463,-0.00120197486895568,-0.00605720128996801,-0.00318905526009849,-0.00268586602422982,-0.00801349210745694,0.000594366465767937,-0.00296740909052406,0.00130310754579455,-0.00318831092337946
"1925","8/25/14",0.00448547786205844,0.0032316302152342,0.0055020770489711,0.00946384031229597,0.0034658913176433,0.00560159169981378,-0.00221521146618853,9.89969547453562e-05,0.00374404666635519,0.00876277712448448,0.0070363962790716
"1926","8/26/14",0.00320570365845008,0.000894761056972948,-0.000855106317445453,0.00475833428659134,0.00265707626526268,-0.00974832728618891,0.0019588963436552,0.00207901531429289,-0.00239090456581437,0.00550423033018776,0.00317571843845799
"1927","8/27/14",0.00536406098462949,0.000715170857995329,0.000941307319589635,-0.000706643524764461,-8.84824395424033e-05,0.0100606956384792,0.000651310395770377,-0.00187695929896459,-0.000862683960471289,-0.000427470474003599,-0.00168854011134212
"1928","8/28/14",-0.00158911260171501,-0.00169731332296252,-8.53887924400221e-05,-7.06866180291144e-05,-0.000176619592887062,0.00642617264223477,-0.000130020680415677,-0.00207843454455381,-0.002878746438571,-0.00196822408962272,-0.00380543235674613
"1929","8/29/14",0.0053440396715505,8.94831524906881e-05,0.00153885743650362,0.00636657240846361,0.00300410747974778,0.00681052640980706,0.00534074730856471,0.00595050484962001,0.000288806232773942,0.00462996229670898,0.00466894417465147
"1930","9/2/14",-0.000452469572827741,0.00375808089507146,-0.00051216110011354,-0.0132149512373099,-0.00317115372985055,-0.00972417706640483,0.000129537556487591,0.00226755421629354,0.0038478827525128,0,0.00422503299528043
"1931","9/3/14",-0.000792140555769261,-0.00383315075044099,0.00119553210037093,0.00384671187048125,0.00282780964570262,0.00587040389534166,0.00259084476621529,-0.00649214872143145,-0.00249143026418397,0.00307255979974563,-0.00147249960930396
"1932","9/4/14",-0.000339642726737699,0.00295298242461817,0.00145046073170829,-0.01419257711828,-0.00167418864184221,-0.000530432193516561,-0.00374722070772282,-0.00128716165148446,0.000576341659043855,-0.00612622316624889,-0.000842715427889829
"1933","9/5/14",0.00623010692910819,0.00347961569368094,0.00536685303456341,0.00691035118407468,0.00406033833345498,0.0118908512679785,0.0106358561696398,0.00565089060202961,0.00288035444905188,0.00487970445316677,0.00210842662432786
"1934","9/8/14",-0.00191371287111664,-0.00382326750412876,-0.00533820367994464,-0.0154418345708686,-0.0049230862787204,-0.00608558168666784,-0.00102685230832811,0.0025629993170031,-0.000382721157320187,0.00247074467489594,0.000420687243827489
"1935","9/9/14",-0.0112789868063176,-0.00937153690139825,-0.00298157104874808,-0.00566370578516751,-0.00848125832681601,-0.0114006410151205,-0.00616673755939756,-0.00786622273327986,-0.0050762970982523,-0.0042492645761345,-0.00883291031432099
"1936","9/10/14",-0.00068462864373886,0.00324356779120949,0.0047848108815236,-0.00153372700406307,0.000890927095419602,-0.00448500869050472,-0.0157702085506864,0.00832511599318653,0.00134778398669133,0.00810798089229592,0.00233426788830537
"1937","9/11/14",0.0078769772017182,0.00269403194367723,0.00144540661783288,0.00153608293594232,0.00115722833579657,0.00890279980091568,0.000787744829270354,0.00157275375615873,0.00115360698137201,-0.00177772887953942,0.00275142763203906
"1938","9/12/14",-0.00124597794708292,-0.0031346870410276,-0.00704741846341472,-0.0150429540802834,-0.00658008513649488,-0.0188177671238389,-0.0307085744508818,-0.00451434695426456,-0.0045131510067975,-0.00754815212020232,-0.00379964714847558
"1939","9/15/14",-0.00941265570750272,-0.00521107433257961,0.00359149184474528,0.00630194090819391,0.000626461408448131,0.00162529915389054,-0.00487396708040488,-0.00867520202826999,-0.00241167388838259,-0.00495669010884914,-0.00148342122668066
"1940","9/16/14",0.00515179514075581,0.00433535162789567,0.00741318362431675,0.0117879818551092,0.00545677323491645,0.01200790502468,0.00979587830158568,0.00706054493778474,0.00570520131957641,0.0127964045313507,0.00339562117787029
"1941","9/17/14",0.00216394192317626,0.000809051827487028,-0.00194536469153872,-0.00415042700108414,0.00471522941140678,-0.00277933346578541,-0.000269738078969017,0.0012837299261399,0.00307651728478997,0.0016959294672656,0.00444181567640922
"1942","9/18/14",0.00761448364852946,0.00350452846559079,0.00245744052318875,-0.00577672484147507,0.00522450950801301,-0.00718194876247691,-0.00875987349647755,0.00690328044815836,0.00546350928552464,0.0075340234473007,0.00842275005864868
"1943","9/19/14",0.00338383564016165,-0.000537235434742378,0.00126832445740099,-0.00044114141178464,-0.00299510984785112,0.00788173589674868,0.00122346060830369,-0.00430952023754805,-0.00371799040231369,0.000168272347564224,-0.00375880114456129
"1944","9/22/14",-0.0065198550601393,-0.0152302754761138,-0.00303976431519104,-0.0157457255825828,-0.0041524888672192,-0.00765978998946415,-0.00787586867828138,-0.00895154202695037,-0.0126304235665122,-0.00672059631980571,-0.00754545988761446
"1945","9/23/14",-0.00871239672424073,-0.00564046685857722,-0.0074525584610986,-0.00299040316592292,-0.00558940275080866,-0.0047906326858268,-0.00725422853330682,-0.00307667758411811,-0.00814024515171485,-0.00600470498163574,-0.00802536825749944
"1946","9/24/14",0.00342429728138116,0.00759360260341668,0.0116039497079092,0.0017245569187132,0.00758352171014187,-0.00317242549336882,-0.00267180439156589,0.0073675177563346,0.00478741153711826,0.0171870623823138,0.00537156961480734
"1947","9/25/14",-0.0152430112490066,-0.0138924142435022,-0.0116395406430398,-0.0158682539499009,-0.0152306647560293,-0.00537761444602702,-0.00446506114967127,-0.022435172316127,-0.0147801067627433,-0.0161439161162633,-0.0142612988628382
"1948","9/26/14",0.00600671380095452,0.0100369976820931,0.0029015334493967,0.0125496280154855,0.00764329728935009,0.00143458208497727,0.0134546315837667,0.0118290648963857,0.00848796168289101,0.00289072990784245,0.00928502702549738
"1949","9/29/14",-0.000459165071170275,-0.00483203482754258,-0.000255180066959793,-0.00247884505569207,-0.00455104049833976,0.00495767363181931,-0.00138267860021701,-0.000999392431721757,-0.00381688717316098,-0.000678164675342652,-0.00363721533040962
"1950","9/30/14",0.00287191821014732,-0.00604624092378758,8.50881758958089e-05,-0.0126508130974103,-0.0122817347676265,0.00120645956605547,-0.00498573704675409,0.00100039221613124,-0.00363510718354565,-0.00755000113757875,-0.00300604139629845
"1951","10/1/14",-0.016266055890816,-0.0136404495381691,-0.00646801609509084,-0.0204390484019424,-0.0233253494644008,0.00416102109088201,0.000835415965290798,-0.0164869646163543,-0.0193254001372466,-0.0102573992378578,-0.0105536552134547
"1952","10/2/14",0.00454135060415761,0.00541924752619893,0.00128479467871712,-0.0038151707134455,-0.00213740009305208,-0.00152661873711668,-0.00166904841721383,0.000406302206861886,0.000402165722977355,-0.00120907824953642,0.00261225361515161
"1953","10/3/14",0.00753457363740551,0.0134761206805489,0.0111215352357468,-0.00140684564346905,0.00232817072279778,0.00677149110089825,0.00626858687633036,0.00893670785417111,0.012261366570087,0.0188500335336086,0.0125920084371298
"1954","10/6/14",-0.00333638434548,-0.00495194562774248,0.00101529901627129,0.000782692043204802,-0.000929014884399226,0.000216809044393695,0.00263007334482324,-0.00140911477536343,-0.00377288818183874,-0.00458294634690082,-0.00150080008796771
"1955","10/7/14",-0.00808034698843818,-0.0151138411240253,-0.00540960863142059,-0.0143896668699003,-0.0178555904844605,-0.0017353912021334,-0.00786979116741038,-0.0169338616871845,-0.0230217219838232,-0.0156876654814139,-0.0163194149680859
"1956","10/8/14",0.0108226902906301,0.0147844296189847,0.0137674469837747,0.00849012335492882,0.0138246107099662,0.0219470187455333,0.0217089067812692,0.0188660366429183,0.014485403170565,0.0243397282006987,0.0178999898919006
"1957","10/9/14",-0.0232559980853488,-0.0221300267582385,-0.0099756483180603,-0.0380802375358988,-0.0268984216950622,-0.0171166933143324,0,-0.0174095357468583,-0.0223226620096282,-0.0199559901657094,-0.0186575984492546
"1958","10/10/14",-0.0143799224186937,-0.0105611480461044,0.00372572478937561,-0.0135777593453105,-0.0170839604612785,0.00497580630480843,0.000953478817546483,-0.0300082514305323,-0.0157360421642084,-0.00836948751241728,-0.00742995856973727
"1959","10/13/14",-0.00920802385041519,-0.0202992267579905,-0.0134975206763869,-0.0319236306203941,-0.0242166788666841,-0.00118399745910225,0.000952190082682325,-0.0123534556997983,-0.0167189278040583,-0.0217523925413983,-0.00726564051061873
"1960","10/14/14",0.00856933637687995,0.00778200551792541,8.5265053973993e-05,-0.0126766850359012,0.00480349728134399,0.0100216528331376,0.0161775014491965,0.00352798378380514,0.0147716030203056,-0.00551451964222371,0.00643183613198794
"1961","10/15/14",0.00502682196253135,-0.00550155151086784,-0.0105169972052979,0.00754758670146116,0.00906274217031222,-0.0132295263031075,-0.00387943455199902,-0.00372864603457068,-0.000418977831065703,-0.00617112300409317,-0.0174088022404251
"1962","10/16/14",0.000118903217369182,0.00349384974280742,-0.00769107137676361,0.0192869636543882,0.0110541200779994,0.00194610713346344,0.00161131778904466,-0.00438410878200646,0.00911486019303753,-0.00179978739948594,0.00134576896648975
"1963","10/17/14",0.00726278549053871,0.0101555844707564,0.0119304836986098,0.00743362841503048,0.012299924334378,0.00636651957088863,0.00120671537399053,0.0110621067827223,0.0171304603486426,0.0147854001683394,0.0111982098205106
"1964","10/20/14",0.00756484453631745,0.0135008043696219,0.0137694884564992,0.00863677931400497,0.014272027913615,0.0141539297244442,0.0152671110693372,0.00701082722957769,0.00398081760820368,0.0121712947034682,0.00686591026162486
"1965","10/21/14",0.0117316193101624,0.0189890408618296,0.00475379619866323,0.0299276770006756,0.0238635996047327,0.00507523988877501,0.00910210390125221,0.0219409507134798,0.0242983067435751,0.0260684873520116,0.017818037904894
"1966","10/22/14",-0.00869658331801271,-0.00880759667942255,0.001520866561461,-0.0187262118663106,-0.0108645044344862,0.00578570347766738,0.00026127501156803,-0.0075351965020467,-0.0128039753656515,-0.00564581820268817,-0.00713223737920976
"1967","10/23/14",0.000819028246825226,0.0130017259032067,-0.00016872643142174,0.017685021654323,0.00403690225680342,0.00313775728412025,0.00771050086146907,0.0159127752225134,0.0199075679683223,0.0174639176315741,0.00870697320950709
"1968","10/24/14",0.0032722856223999,0.000369037710351572,0.00784667199109346,-0.00299052320059512,0.00710610064114925,0.00802862034692331,-0.000778191995079891,0.00778035824357826,0.00837922271841807,0.013697481522986,0.00712130022682489
"1969","10/27/14",0.00640721141445844,0.00129236332660598,0.00192563860852979,-0.0211592447956028,-0.0203323310057236,-0.00165504737960198,0.00739761110849813,-0.000101418988265101,-9.76416149142123e-05,0.00116766753350062,0.00214274207898191
"1970","10/28/14",0.0172473809789135,0.0121682035424844,0.00484624920952537,0.0233559949282005,0.0137414603359962,0.00828836710212255,0.00438067199164416,0.0164582949334695,0.0191630736588628,0.00883137769288234,0.0119734702583008
"1971","10/29/14",-0.000796554587845222,-0.00318779520235701,-0.000665337941929578,0.00275177818023531,-0.0114984104936521,-0.00513761100766585,-0.00564397423012741,-0.00269846900954751,-0.00460495281191042,-0.00066070588180267,0.00126779119296305
"1972","10/30/14",0.00535256059459344,0.00666985460833924,0.00624067218959445,-0.00419705858089903,0.00624179582286333,0.021069909615238,0.00632090826564924,0.00410889792124691,0.00356600629571902,0.0176844081669532,0.00506446719403386
"1973","10/31/14",0.00951530398194178,0.00980209341653326,0.00735957900647577,0.0203437728543823,0.0187969113630833,0.00101165192331654,0.0125625509423701,0.0179658043720403,0.0121002269775523,0.00470969282972011,0.0121767841409943
"1974","11/3/14",0.00302952530724432,0.000359508984687951,0.00377592211409428,-0.0173168238862356,-0.00673443103168248,0.0063661062819218,0.00873525009067833,0.00401994753466672,-0.00151807505400781,0.000888918876736478,0.00290405463085008
"1975","11/4/14",-0.00626477804929104,-0.011500451845971,0.00449809889017172,-0.0219869008628643,-0.0100308146331789,-0.0060247319991712,0.00163129536047513,0.00068376997378583,-0.000760228112302586,-0.000484510607946076,0.00103423494295152
"1976","11/5/14",-0.00213875891150639,0.00372662595256457,0.00610581958916234,0.0167780726235653,0.00900672704670247,0.0212142148404735,-0.00212988233414602,0.00214694305413499,0.00513578881372978,-0.00290814349339596,0.00578528510467069
"1977","11/6/14",-0.00970238393033351,0.0096894181849132,0.00258949632641348,0.0122746182801001,0.00883303703790239,-0.0154317885244685,-0.0076594509571245,0.000876365123989364,0.0118268092841065,0.00664376558052693,0.000821478279519283
"1978","11/7/14",0.00740496315056705,-0.00161432736507294,0.00177551623265515,0.0142133450993382,0.00580643529547609,0.0104491656585313,-0.00126529234624795,-9.73751149363489e-05,0.000560981918675374,-0.0108661097184061,0.000616012095813634
"1979","11/10/14",0.0066718653947806,8.96071886780092e-05,0.00483409636312104,-0.00981766697395059,0.00183279453931218,0.00477278262313074,0.00823495062553703,0.0034057419573621,0.00448593494331151,0.0102531255035352,0.0047180224083101
"1980","11/11/14",-0.000786550599900404,0.00368292048095742,-0.00224494956444354,0.00319839809752431,0.00338407597197388,-0.00385943968386726,-0.00389561419119078,0.0011636454575179,-0.00148847352112857,0.0035441654186732,-0.00224608122539649
"1981","11/12/14",0.00944393671038135,0.00671200021555429,0.000723315852052098,-0.00805052488291425,0.00309940645679818,-0.0161930223164465,-0.00756872538839548,0.00271218563927356,0.00232934446067112,-0.000401249349261334,-0.00204610260695059
"1982","11/13/14",0.00322954641733708,0.00453367673708915,0.00393470309682664,-0.0138207293381164,-0.00209005975017074,-0.00949227536872832,0.00546570210924435,0.003284398395202,-0.00353247968233339,-0.00120456718912609,-0.00123042495824111
"1983","11/14/14",0.00621688237779416,0.00371690846039607,-0.00551904716016849,0.0104294785669941,0.00245880263612608,-0.00438354974997335,-0.00821736130209627,0.00702846894053044,0.000746337327901747,-0.00908421338387944,-0.00287397542109236
"1984","11/17/14",-0.0059576232201044,-0.00290957818450055,0.00563001008809527,-0.00516098795712805,9.0847856885512e-05,0.0120826023763561,0.00446152025176749,-0.00353731763390674,-0.00158489546738372,0.0045432059404531,-0.000823855898789083
"1985","11/18/14",-0.00122096079283351,0.00229909895644043,0.00447911206993612,0.000486485444255891,0.0105367320612846,0.0030351360915426,0.00431448560432135,0.0056610745000798,0.0078431435332087,0.0162332618624539,0.00267919930161153
"1986","11/19/14",-0.0125569662863748,0.00379344295417372,0.00342372866830054,0.00486091169735259,-0.00404482193883571,-0.000705973999543308,-0.00897137804508241,-0.00715589320593257,-0.00398369635456253,-0.00564264045559637,-0.00349387862024986
"1987","11/20/14",0.00236330904368054,0.00518566118594155,-0.00388825356806,0.0127388303140421,0.00595652705696037,-0.00242238282006524,0.00331507024917932,0.00663079448512716,0.00251141819535627,-0.0023976412368365,0.00144374373473255
"1988","11/21/14",0.00336825936176521,0.00209842617052503,0.00477972502324442,0.0124195010516459,0.0107663423125524,0.00424962208693569,0.00622705068849339,0.00238669136592318,0.00816501513547241,0.00408598402907101,0.00473621265184154
"1989","11/24/14",-0.00414042230846889,0.0104700851261372,-0.0013479259172744,-0.00715576153665787,-0.00248558436933666,-0.00755664041119108,0.00353599350153844,0.00761899807065713,0.0043252621143921,0.0071011969700685,0.00614890987928973
"1990","11/25/14",-0.00190997900367829,0.00250427805948794,0.00182605278792813,-0.0161573872112102,-0.00231334875932687,-0.000304600068206096,0.00176200429878492,0.000661564357773647,0.00238253450337633,0.000713032206408615,-0.00101855530841632
"1991","11/26/14",0.0100191953586017,0.000861110169811941,0.00412072617784798,-0.0125581780341087,0.000802763922933325,0.00426542956446085,0.00967353514175273,0.00869004007288976,-0.00155425013298982,0.00696712271734379,0.00305869238473178
"1992","11/28/14",0.00211773804696835,0.0111876715593722,0.0108122641961768,-0.0686450806954725,-0.0236163498718266,0.00879748550578285,0.00248849844887311,0.00271552355992144,-0.0083318443670557,0.00463847759973257,-0.000609970750532818
"1993","12/1/14",-0.0124568698738748,-0.0126808264481896,-0.00538733124073076,0.00350140892774831,-0.00967529491033836,0.00020050966727192,-0.00248232119642611,-0.0122338435964806,-0.0144030507387918,-0.0040694789915191,-0.0085434252387534
"1994","12/2/14",-0.0104743838916027,0.00362054331078876,0.00282592477200549,0.0116016068298912,0.00589852468182306,0.00691518616183107,0.00622129906477364,0.00340354380158914,0.00758786340937734,0.0109226210291351,0.00861704431261723
"1995","12/3/14",-0.00478019000064178,0.00214711127214628,-0.00508811477509696,0.0122444973156832,0.0167676716636123,-0.00179162671997646,-0.000989332181610347,0.00518253107861022,0.0130160316494403,0.00240959497160365,0.00508552555725417
"1996","12/4/14",-0.00457453982125722,-0.00222828688402388,-0.000865469596156299,-0.00868893969182993,0.000720804616699988,0,0.00259931488188991,0.000562361761439645,-0.00403821953135353,-0.00139569849049392,0.000607078008838968
"1997","12/5/14",0.00206800643570548,0.000687094135563449,0.00196880373190345,-0.0127179898544493,0.000810498862472642,-0.0070792863404997,-0.00506206471088322,0.000374750414934732,0.00322545748167546,0.0076875536906571,0.00910201487876772
"1998","12/8/14",-0.00745250619359861,-0.00763946325056775,-0.00259364088492842,-0.0414311222888395,-0.0154761241881554,0.00672802743397205,0.00632872543325846,-0.0132984662812569,-0.0119411198808538,0.00362157626058979,0.0034076749093328
"1999","12/9/14",-0.0139771944195241,-8.65697004377441e-05,-0.00220613842851469,0.0111687364120594,0.00466108732154691,0.00678317526504002,0.00456232707942106,0.00569490390866978,0.00139446091237905,-0.00161236140614673,0.000599108092062872
"2000","12/10/14",-0.0168695130286605,-0.0147922672934468,-0.0104241179724389,-0.0326867594160396,-0.0224688140744336,-0.0140690671565022,-0.000982046065243991,-0.0163270090219787,-0.019401935525429,-0.0164576109123199,-0.0151725254837497
"2001","12/11/14",0.0067920001216597,0.00816560087158713,0.00877825107525743,-0.00018568568475974,-0.000372333538175673,0.00954663317142468,0.00184294291195219,0.00489299222025408,0.00473322391672415,0.00367488115574677,0.00344609298303133
"2002","12/12/14",-0.0178717339257795,-0.0055740137469763,-0.0122617402168632,-0.0200557462129807,-0.0267174390688408,-0.0105513603373057,-0.00870742295797622,-0.015084798546227,-0.0184680666675573,-0.0147240726846373,-0.0181819613888146
"2003","12/15/14",0.000361346154574171,-0.00551738754746511,-0.00728826628737766,-0.010233280310558,-0.00736496134383136,-0.00905438849275209,-0.0129901587687242,-0.00668871481028044,-0.00249566181622007,-0.0104373225359428,-0.00905336183859418
"2004","12/16/14",0.000963691794788613,-0.0149713322280619,-0.00427571155351625,0.00899892813190584,-0.00433613488835416,-0.00152284737027852,-0.00137859559404385,-0.013662630769821,-0.00182844631704082,-0.0107870387387322,-0.00789056321873838
"2005","12/17/14",0.0188952550246035,0.0190433299726203,0.0152324271146351,0.0441176374155006,0.0280654952717392,0.0196237074983805,0.0229697113060938,0.0206789141150188,0.0125336304039994,0.0211631532438545,0.0219757701938899
"2006","12/18/14",0.0241601013957375,0.0157443711033272,0.0206458897356698,0.0219674326296153,0.0200501118696603,0.01884269708972,0.00699357174225934,0.0290323669855312,0.0239290944457577,0.0263316557977233,0.0208888420010074
"2007","12/19/14",0.000947801523180747,0.00323653851969086,-0.00111652259095418,0.0299428380816269,0.0110871150897067,9.86732106056376e-05,-0.000487203754120369,0.00161994752993566,0.00510300943995357,0.00560613336323534,0.00120376796658794
"2008","12/22/14",0.00828604945784961,0.00880635403447583,0.00886024496225968,-0.00889782876649159,-0.000464695035567453,0.0028615016741993,0.0167186860872504,0.0106544110071036,0.00836791715750529,-0.00967869488678663,0.0064744399259471
"2009","12/23/14",0.00234772601861644,0.00648211855453029,0.00791194626897296,0.0127110748386263,0.0081817553037189,0.00403438405216083,-0.0027951737893257,0.00244712248434276,0.00531449481388724,-0.02267395938012,0.00460922457132451
"2010","12/24/14",0.00199123050276206,-0.00171739111710945,-0.00196237446978709,-0.00807517061668106,-0.00166005335895802,0.0168559325130935,-0.00414407695893593,0,0.00176230730500726,0.00703992821772781,0
"2011","12/26/14",0.00654575823775461,0.00498920092001165,0.00188758714008852,-0.000884914728482844,0.00434131938102023,0.0115652892447351,0.00354942617116039,0.0036619606558701,0.00129606755329403,0.00794400018862085,0
"2012","12/29/14",0.000232212000462306,0.00736115711308005,-0.00259063204222421,0.00274556236490908,-0.000643855709326124,0.01457705812414,0.00548769987107978,-0.00542608761804142,0.00203436993573392,0.00291635691036451,0.00438830944391988
"2013","12/30/14",-0.00719795649151789,-0.00373864443548766,-0.00425032085772681,-0.006977224879818,-0.0014723973191102,-0.0209410087443893,-0.000727707675582057,-0.00630221616704407,-0.00507536464467984,-0.00463659704922781,-0.00119138675681862
"2014","12/31/14",-0.00923916919026635,-0.00315565982426091,-0.0100387350470885,-0.00720489147969428,-0.0102304404226035,-0.0183196990845474,-0.0168711778570229,-0.0109806632067614,-0.00927467964045214,-0.00844784033379553,-0.0115332658975018
"2015","1/2/15",0.00165239489599167,-0.00829899469717676,-0.0060683023260526,0.00501719546644308,0.00335225655591276,0.00556904154251159,0.0150619705278034,-0.00229717221645465,-0.00177873427372377,0.00230904139946841,0.000200975397394387
"2016","1/5/15",-0.0146117901703119,-0.0187215351999322,-0.00819413282435866,-0.0396684634432664,-0.0283061446925718,-0.0135054879102012,0.00547311861711663,-0.0171719456841936,-0.0230703831564357,-0.00492518074513426,-0.0178999954135584
"2017","1/6/15",-0.00837147074319777,-0.0108140425753732,-0.00080994544644708,-0.0150374039612095,-0.00897802016512395,0.000590929719613165,0.009918818269538,-0.0128842130119899,-0.0131515247864861,-0.00479007307095003,-0.0137211053240001
"2018","1/7/15",0.00554739888815714,0.0167095553566274,0.0164559921377068,0.00245012637484976,0.00703533095545206,0.0106310754452084,0.0153311893946646,0.00889934425193029,0.00583650120103663,0.0239852979395598,0.0105897635236869
"2019","1/8/15",0.0137924782898093,0.0145117824486642,0.0153917604613965,0.021622614394218,0.0236387409563599,0.00779192768124459,0.00377491267347829,0.0225424188726702,0.0195359679359375,0.0173910641191812,0.0135608532531959
"2020","1/9/15",-0.00425896462640452,-0.010685121484952,-0.00769701586900018,-0.00699349011869321,-0.00532906108778552,-0.00715183285207466,0.000469950346456915,-0.00258792457706492,-0.0109089181668002,-0.00685298551939029,-0.0119605648085789
"2021","1/12/15",0.00677207044970141,-0.00357111390283815,-0.00403665176439194,-0.0279863963916325,-0.00338384678326886,-0.0026284067396487,0.00763561020623316,-0.0126848695072687,-0.00757637006795608,-0.000464993609013531,-0.00697552019589298
"2022","1/13/15",0.00342209294416862,-0.00139852908276594,-0.000397517600719599,-0.00819895006190619,-0.00933702333621089,0.00390403941419692,-0.00151539888863295,-0.000194800500518455,-0.000966525141898766,-0.00310272289068003,-0.00309936273381384
"2023","1/14/15",-0.00341042216254961,-0.0113795953497046,-0.00270301194492151,0.00355652152409669,-0.011138585196828,0.00933299121049025,0.00863976333627958,-0.00603583481677694,-0.00667430264374469,-0.000700275940365369,-0.0118133179811418
"2024","1/15/15",-0.00613648855859139,-0.0136355683255116,0.00223221904114368,-0.0140803703448774,-0.00385106159871174,0.00549043266044769,0.00231487815673392,-0.0152793272818447,-0.00710865251334503,-0.0126139158213163,-0.0106965297119848
"2025","1/16/15",0.0151986017447798,0.0125672501086163,0.00747684397175541,0.0326435579101743,0.0164299556365199,0.00948362026700078,0.00866158943634487,0.00984715040996775,0.00794404820997752,0.0189258876168517,0.0127201308788438
"2026","1/20/15",0.00409339910315576,-0.00691467495120912,0.00386863587227926,0,-0.000380193260489881,0.00161321666543301,-0.00790013592773109,0.00748531102541405,0.00603300618831826,0.000232181551377719,-0.00669900023588965
"2027","1/21/15",0.00081552764638726,0.00642737391955372,0.00361760689831736,0.0191926863561975,0.008750896899407,0.00956891682504524,-0.000692545822611135,0.00185764855789605,0.00754420158124036,-0.000232127655618419,0.0025292702223414
"2028","1/22/15",0.00651776719043684,0.0185381672094034,0.0108143728493117,0.00498480974402105,0.013955740525021,-0.00347218532722449,0.0177851822047368,0.0189303977260744,0.0174714093935286,0.0130021915318477,0.0250156366401064
"2029","1/23/15",-0.00878829701843253,-0.00165456996994162,-0.0103109632467014,-0.0083586508274418,-0.0184133395922452,0.00348428340493889,-0.00283680797059616,0.00277728968924107,-0.00632130033233269,-0.00382018068783074,-0.0100492497159304
"2030","1/26/15",-0.000816658301903472,0.00689117192919242,0.00094001905960539,0.0146350660411496,0.00682123409131341,0.000281393841160993,0.00842073071652205,-0.00296067285840751,0.00322842916347166,0.0064423564850018,0.00621517366847901
"2031","1/27/15",-0.00875663347344502,-0.00606438675751286,-0.01158235513793,-0.000547749620241844,-0.00743379034879799,0.000844515623355857,0.000338264015645962,-0.0289272463933986,-0.0122092677883998,-0.00594384634273826,-0.00885333290448165
"2032","1/28/15",-0.00812729120699962,-0.0128998167576724,-0.0110054347670369,-0.0388198136886333,-0.0164960981253364,-0.00974872216771649,-0.00665519171300966,-0.00138085633290608,-0.0105393664493433,-0.0148715187382079,-0.0174489130429882
"2033","1/29/15",0.000950129139199785,0.0123619566713304,0.00688481388550222,0.00171039187794331,0.00954314343360529,0.0131578350316646,0.00352041085388555,0.00977890652097679,0.0113296520093624,0.00863740349344222,0.0080337740850609
"2034","1/30/15",-0.0139992006890596,-0.0121236891375034,-0.0185258885504386,0.00749442534088196,-0.00238699606005432,-0.0228906985603103,-0.0205951668029577,-0.013890365527043,-0.0169475806596519,-0.014735306707191,-0.0151007970839081
"2035","2/2/15",0.0212968864851155,0.00812284175137568,0.0128807916162348,0.0312618424222746,0.00842246847838091,0.00516356837908161,-0.00265770090552075,0.00872928325307565,0.0140255587106255,0.00399339611858207,0.0132027560279333
"2036","2/3/15",0.0220312209324114,0.0218952527338039,0.00879778239927353,0.0298577686103714,0.0220195973780464,0.00504185071811158,0.00868868128278177,0.012390659776939,0.0164248983141499,0.00545943750761557,0.0170237698368789
"2037","2/4/15",0.00265129309201262,0.00471375127826756,0.000951492467150317,-0.0170227744346203,-0.00547900971028059,-0.012872684064923,-0.00413456969487525,0.0015541293202006,-0.00708733991697497,-0.0124108833260006,-0.00227291793717721
"2038","2/5/15",0.00724286545744612,0.00716544116564255,0.00491083769352807,0.0166861209946152,0.0226912843992839,0.00939658653109099,0.011993925129117,0.0101831854440713,0.0102786216545032,0.0171223072944147,0.0101491582833175
"2039","2/6/15",0.0062779295201163,-0.00203272162622392,-0.00394096681231748,-0.000177552433396677,-0.00146098367830427,-0.0405622295596751,-0.0290599148060373,-0.00403230855710857,-0.00113041451167784,-0.00741326068853077,0.00389589008954205
"2040","2/9/15",-0.00249529634878465,-0.0038191791687392,-0.00720116118172265,0.00177483803701461,-0.0015543766727677,-0.00920799258632288,-0.00704197019529362,-0.00231332503680393,-0.00311225739580145,-0.0117472178758204,-0.00449377508948712
"2041","2/10/15",0.00955193716881353,0.012438288712326,0.0109199982239028,-0.00363157188332708,0.00705196848294398,0.0191866636946989,0.00319129200109858,0.0150724152221724,0.00633864275512463,0.0164526546137489,0.00636046126148138
"2042","2/11/15",0.000675595342150892,-8.41836151771469e-05,0.00504592398972159,-0.00586716593508929,-0.00100052168022857,-0.0208844195983214,-0.00294566178092925,0.00418812375291577,0,0.00147158770076405,-0.00040775737843235
"2043","2/12/15",0.00303929070517195,0.0105192031541621,0.00329489652807036,0.0143967578118402,0.0173873022178737,-0.00360502207198421,0.0119355797710758,0.0158294214293218,0.00883703432477545,0.00456267567568869,0.0112176144450487
"2044","2/13/15",0.00100988258184231,0.0067456537293884,-0.00320576062826861,0.020451448916698,0.00939506369791143,-0.0143719810488711,-0.00665654686919759,0.00811771726540966,0.00605729648512909,0.00508073064432857,-0.000806643918863204
"2045","2/17/15",-0.000448437687007086,-0.00124096416152764,7.83050411352626e-05,0.00336910582855743,8.86088190426015e-05,-0.00163142837407249,-0.00246898031685394,0.0004629793416977,0.000648328887009386,0.00635727131323205,0.00322944325849672
"2046","2/18/15",-0.00650509794825282,8.27799371292404e-05,0.00517692479332488,-0.0133448622048725,0.0025705432814096,0.0234909080662733,0.0093109156045359,0.00185033849775351,0.00592434288746557,0.00243569240899189,-0.00523138879553087
"2047","2/19/15",-0.0027093815482927,0.00322981683527535,-0.00569643546464438,-0.00645741325527038,0.00123793320302412,-0.00957979758101912,-0.0214853623617296,0.003970789744002,0.00174845291821191,0.00144234310803015,-0.00424748204772929
"2048","2/20/15",0.00441479941726119,0.00685165894009865,0.00266842278403256,-0.0039522151666791,0.00432656157472655,0.000806149142536849,0.00966604776695168,0.00634660945010679,0.00955356929058926,0.010690157803779,0.00690626636354308
"2049","2/23/15",-0.00856534433996436,-0.00155778265384821,0.00289604400307253,-0.004761375056204,-0.00131881754806062,0.00644302620356108,0.00803661733635241,0,-0.00318474619233267,0.00412579885378062,-0.00141200483808301
"2050","2/24/15",0.00238701526127483,0.00361309034798363,0.00335589270414061,0.00124027515954861,0.00308121550335527,0.00620184019018089,-0.019697536084665,0.0024677648368765,0.00456398837947658,-0.00171834445309049,0.00202029632707657
"2051","2/25/15",0.00487655155050626,0.00711837098890755,-0.00303350781397005,0.00645963879181766,-0.00245725021655974,-0.0144150219623161,0.000239356871067908,-0.0051057967657836,-0.000817704361886329,0.0017957520974492,0
"2052","2/26/15",-0.00304706385839348,-0.00251844989509642,0.000858134416751088,-0.0174960884836934,-0.00563092936868248,-0.00685893808757432,-0.0108812906654959,0.00614000154741223,-0.00363763983617926,0.00328712646956242,-0.00221805960270205
"2053","2/27/15",0.00305637683378146,-0.00154763496072463,0.00342998521638749,-0.00304248028795984,-0.00389305963958309,-0.000913980041879592,0.00785773393401978,-0.00528298282972706,-0.00529403819771646,-0.00513769062746072,-0.0030307506135856
"2054","3/2/15",0.00236977465957411,0.01044136521132,0.00163145417419885,-0.00798851607942597,0.00763889283628116,-0.0197217000330823,0.00575730391758644,0.00943164107783789,0.00908418261714994,0.00830726922653269,0.00689102331895275
"2055","3/3/15",-0.00135087688182811,-0.00250253171353831,-0.00364528571567369,0.00370977666076167,-0.00643499670145553,0.00715556353773206,-0.00190778671837888,-0.00771038210603769,-0.0062743422830539,-0.00757064706295774,-0.00221431335366207
"2056","3/4/15",-0.00755339620735651,-0.00517965862432612,-0.00661704378619266,-0.0026142115096599,-0.00310555130033652,-0.00638365700858268,-0.00955935927909979,-0.00338246727697089,-0.00732055077577509,0.00426292650558602,-0.00625363325665995
"2057","3/5/15",0.000567784115712566,0.000569346410947746,0.00336976898079788,-0.00479036026819313,-0.00400467939802618,0.00673557733456187,0.0028954954637932,-0.000367032668973422,0.000553102198106892,0.00588316615635165,0.00345087581062309
"2058","3/6/15",-0.0170298966207897,-0.0121146115805272,-0.0183535625689091,-0.0166196857559415,-0.0142975307632572,-0.0286155832697101,-0.033200921635051,-0.0112864824439951,-0.0133592623728501,-0.017842522787001,-0.00869906032309631
"2059","3/9/15",-0.000577792006193678,0.00510268347107057,0.00453496055145353,-0.00692641832606855,0.0015413740074679,0.0013777477117447,0.00796294413503729,0.00417636473539051,0.00831072448657233,0.00452281084906292,0.00448986416386377
"2060","3/10/15",-0.0158323706108693,-0.0147395020387449,-0.0147314865479544,-0.0144147196386279,-0.0159305764699793,-0.00148164480710522,-0.00074074687117609,-0.0197780137830055,-0.0176883335702647,-0.00915511581514183,-0.0172696139124249
"2061","3/11/15",0.00152655589317963,-0.00365692357610425,-0.00618986113520603,0.00283067152631467,0.00119566809598459,-0.00614674880816379,0.000865070025971804,-0.00546870836153157,0.00150835934689564,0.000605955688416815,0.00640911515010578
"2062","3/12/15",0.0140696151317594,0.0187687124968186,0.0141551002512732,-0.00498671986706856,0.0120350114751187,0.0188742078544284,0.0174031116166284,0.00597261548189354,0.0128023404548143,0.0120345609619155,0.0207476801676836
"2063","3/13/15",-0.0067059003562755,-0.007287179450846,-0.00717806847005542,-0.00491724451776865,-0.0094408389246986,-0.00994255581692438,-0.000606769011613162,-0.00508910368305726,-0.00864370691797434,-0.00134618898947958,-0.00643991443983916
"2064","3/16/15",0.00954487822966144,0.0111347316878199,0.0107648546666574,0.010928188406369,-0.000274984591569161,0.0163847366323655,0.0103181765716651,0.0120299830748634,0.014157202799211,0.02119357417607,0.0103301992776017
"2065","3/17/15",-0.00011528252632198,-0.00358907916993145,-0.00572264813638923,-0.00479404724358012,-0.00907496921890616,-0.000727888319505654,-0.000360717729715909,0.00102951296487896,-0.000739842987699357,-0.00205329659340991,-0.000801966443556013
"2066","3/18/15",0.0156824855141362,0.00802296895545385,0.00647499343862523,0.0289978877368853,0.015911266145676,0.0264362098150206,0.0209135947324972,0.0120618308804805,0.0102692568742266,0.0110962037908076,0.00622008142553887
"2067","3/19/15",-0.00340584254281462,8.13107607733343e-05,-0.00357409414229704,-0.0160639279501255,-0.014842624317007,-0.00943011663342308,-0.000470766155962976,-0.000831431221320789,-0.00531125403267541,0.00792248830722264,-0.00777699341375793
"2068","3/20/15",0.00740475354713666,0.00990723706532082,0.0118762968329937,0.0120347626011239,0.00730217695459356,0.00962205189773391,0.0250881569518093,0.00573277713388576,0.00598416288770443,0.00504748009574452,0.0140677045508215
"2069","3/23/15",0.00474950521114015,-0.000562821963400184,0.00338715621748453,-0.00156705964192771,0.000366981049056081,0.00125777487575629,-0.00126390322139247,0.000275870848354787,-0.00585711280932522,-0.003730933756386,-0.00435976172870733
"2070","3/24/15",-0.00664032574548612,-0.00498839705132881,-0.00565230239621139,-0.00655532224444211,-0.00284367910121808,-0.0110281216630979,-0.00851343193821763,-0.00275732740355528,-0.00377432806531586,-0.00806566967130151,-0.00816103138500435
"2071","3/25/15",-0.0196014833790266,-0.0154442170457926,-0.00197388656720487,0.0121748323252628,-0.0110385636901715,-0.0114611681433303,-0.0172526847058143,-0.0274655688415737,-0.0166327234651072,-0.020618381374218,-0.0143504961885076
"2072","3/26/15",0.0016181329455307,-0.0064060496358942,-0.00403434627392485,-0.000459347159676882,0.00139524062114882,-0.00814704763138507,-0.00522633110627357,0.00066333464158963,-0.0031008517758051,-0.0028170856037204,-0.00203925117295656
"2073","3/27/15",0.000577087158664558,0.00545523661008374,0.00683074715415621,-0.00854295768475222,0.000928736813158304,0.00631860253197858,0.0013134294923407,0.00246242650117745,0.00508985871061074,0.00921788615964703,-0.00061289487795968
"2074","3/30/15",0.00645723422279221,0.0104408053177507,0.00970335693836843,0.0208469760228049,0.0141983323935411,0.0133944112096935,0.0143095633684347,0.0113367431153135,0.0141611887176085,0.0109753740167713,0.0134941047187209
"2075","3/31/15",-0.00950930244514314,-0.00349834704797369,-0.00781317864644038,-0.00816836456267678,-0.00677096043208281,0.000413125283114324,-0.00881739642316248,-0.00495101147720012,-0.0073054647456815,-0.0126046118108254,-0.00585029905418155
"2076","4/1/15",0.0159628556920448,-0.00587860324784606,0,0.00237905296324081,-0.00092120203426227,-0.000103156305252816,-0.00142316609232118,-0.00797966294112806,-0.00866311232645378,-0.0124705614302341,-0.000811591664610978
"2077","4/2/15",0.0116133221348576,0.0101016802265179,0.00685098775884696,0.00273866566156244,0.00156749943230627,0.00330346049855001,0.00760163619225618,-9.47045536235924e-05,0.00244321206662401,0.00216705462676114,0.00609275054594782
"2078","4/6/15",0.00191336124665598,0.00455343678126496,0.00836852596889326,0.0193008479910632,0.00819370812893983,0.0124497811041355,0.0103740151432465,0.00936991277184873,0.00609298617247034,0.00156581057451999,0.00161472961210629
"2079","4/7/15",-0.00651541709371239,-0.005827683438827,-0.00504148984749375,0.00196503392811787,-0.00210015922119389,-0.0114837355885077,-0.0176175781817981,-0.00112526026389204,-0.00260887015044942,0.00156306225500891,-0.00584431589802414
"2080","4/8/15",0.00237452268550897,0.00936253881987548,0.00116917761469937,-0.00989477220682478,0.00283667532449283,-0.00267302112725953,0.00154383845042005,0.00356698863085358,0.00252226387858934,0.0101086147953375,0.00324336096384226
"2081","4/9/15",-0.00101512281316751,0,0.00334819311407886,0.0151254047022245,0.00456250723792562,-0.00412329604510975,-0.0207518474608076,0.00411565128240099,0.00475225049261341,0.00654896610595035,-0.00101043093473085
"2082","4/10/15",0.000225685160768707,0.00354877985294322,0.00108664750308574,0.00461211197040678,0.00245253313119731,0.00745280164658024,-0.000726418022408692,0.00437829231365527,0.0140961144663607,0.00862634702033072,0.000202509682802221
"2083","4/13/15",-0.000225634238469441,-0.00602788722480407,-0.00426364365624743,-0.00794568183568967,-0.00453067368226512,-0.00986343669857903,-0.00266599874988116,-0.00417373075928251,-0.00832181257260733,-0.00362379210232988,0.00343769608471844
"2084","4/14/15",-0.00067747900293802,-0.0017789021391007,0.00186840594445714,0.0182432834249611,0.00336795428515924,0.00508454291053639,0.00352336819263521,-0.00363235664172101,0.00129108772143161,0.000727463866244893,0
"2085","4/15/15",0.00711836490756745,0.00129613289424868,-0.00194249030176008,0.0239469326329178,0.00879968073688553,0.0026841593045186,-0.00750703345000558,0.00906719981429394,0.00349956490778447,0.00225300695786546,0.00342609345731715
"2086","4/16/15",-0.00302909589034883,0.00161797249346529,0.0024911414647486,-0.00332876997239573,-0.00377699394101816,-0.006486743414026,0.00256224943863792,-0.00203800026724155,-0.00275310998348943,0.000290260542357368,0.00140579699267174
"2087","4/17/15",-0.0119290537486344,-0.0142961079316196,-0.00939726501622895,-0.00890629628334261,-0.00695060799315217,-0.00331647047744799,-0.00462395880771926,-0.0153161136882869,-0.0118721113837792,-0.0089183271893214,-0.0128359757004578
"2088","4/20/15",0.012642449303419,0.00950505234347032,0.0031360526633506,0.00449304856047106,0.0064539738763536,0.0140376272370364,0.00146693705170198,0.0163084476642466,0.0106175752357625,0.0057066642702357,0.00467310544430588
"2089","4/21/15",0.00056225399230625,0.00121749846104091,0.00125060212210149,-0.0116128827781103,-0.00767701701382717,-0.00892110150017589,0.00170905794306186,0.000834825658283078,-0.00165878808860298,0.00727394346353538,-0.00384256773133762
"2090","4/22/15",0.00539583426360446,0.0013782206618731,0.00140487130581479,0.00644040661733136,0.00236630619277522,0.00227624271024518,0.00207161626807917,0.00963852351119288,0.00406159917689686,0.000794763654897945,0.00629319770395353
"2091","4/23/15",0.0147584151826969,0.00526226164171084,-0.00335170784308181,0.00769630362187934,0.00399545705681414,0.00609068615928487,0.00267528497859315,0.00238670474502345,-0.0010111531131074,0.00512302743743209,0.00121053856674425
"2092","4/24/15",-0.00132211442884356,0.0108722549893032,-0.000625675882963139,-0.0072943092910589,0.00605943516887297,0.00954232593753179,0.0020621501805056,0.0056777220408939,-0.00404957232443803,-0.00358956576267744,-0.00221641548666163
"2093","4/27/15",-0.00750221362004955,-0.00812610126501645,-0.0050869931236609,-0.000778122074552967,0.00584328900467734,-0.0123996057103412,-0.00133171047008285,0.00227630972828696,-0.00138597283590391,-0.0201023633897813,-0.00383672088371789
"2094","4/28/15",0.0146731953641464,-0.0028916757441283,0.000472236166605855,0.00545052973563886,0.00259175334570227,0.00771837169408496,-0.0019390568228439,0.00109028778367093,0.00268347459356977,0.00213260255716174,0.00608139238547856
"2095","4/29/15",-0.00230055689213038,-0.00700827503861068,-0.00841280017822643,0.00929271881674842,-0.00205032788770787,-0.00336991188997349,-0.0201579325991457,-0.00462836310509052,-0.00507568337922637,-0.00807099604957917,-0.0016119762345852
"2096","4/30/15",-0.0157022762822406,-0.011276035099522,-0.00459885194725329,-0.00264280819223972,-0.007681814043494,-0.0136284848673229,-0.0162349697712487,-0.016320245478937,-0.01048138939912,-0.017457109099409,-0.00867806918425873
"2097","5/1/15",0.000557687853344424,0.0127175936000865,0.00892160554024812,0.00222226630619282,0.0162929452925007,0.00415523216859248,0.00755875912926762,0.0127908782255359,0.011810965223638,0.0136266935936908,0.00631086861869656
"2098","5/4/15",-0.000222955873289354,0.00234942332153354,0.00228952134387006,-0.00307032062133361,-0.00203718505432926,0.00724191675548913,0.00100036117528335,0.000732009526285049,0.00157495797085883,0.00705570594529603,0.00809234084103916
"2099","5/5/15",-0.0137168720272628,-0.0105885008025058,-0.00811345905460037,-0.0106937680021884,-0.0117156232668778,-0.0223909965054462,-0.0217337735817279,-0.0156378028936595,-0.0126722251693527,-0.0129803627929044,-0.0088299273010326
"2100","5/6/15",-0.0118725620220484,-0.00408455426364129,0.00309730210851233,-0.00371844760281381,0.000718418319380687,-0.00567351357452284,-0.00191537901659833,-0.00566712491754684,-0.000655901164911432,-0.00141962203984469,-0.00404935886302749
"2101","5/7/15",-0.00503483892431489,0.0060700086909633,0.00205844822262446,-0.0113705756575663,0.00394861011380798,0.00327543682909903,0.0153512634740409,0.00719431016327343,0.00571859676925168,0.00523783727931204,0.0067086572309305
"2102","5/8/15",0.00793548046729198,0.00856086206490558,0.00766370298227081,0.0158034670365921,0.0133189062295003,0.007056508651615,0.0139849517804207,0.0141001671459207,0.010160413115532,0.016078685395378,0.0119142651688611
"2103","5/11/15",-0.00376518584581964,-0.00355687310623087,-0.003606675830231,-0.017891204391275,-0.00335186092056772,-0.00606587448684148,-0.0150346348353355,-0.00393323310947546,-0.000738168258407557,0.000292720450499662,-0.00259431333606974
"2104","5/12/15",0.00366500347748344,-0.00227156773291159,-0.00133778535120133,0.00545633072785345,-0.00955933539673059,-0.00220948173420965,0.00302751233447229,-0.00523488821843143,-0.00166230775496412,-0.00424773847894189,-0.00240086963417452
"2105","5/13/15",-0.00239657522272274,-0.00512295238149296,-0.000472782740108313,-0.003501073505777,0.000357559940941776,-0.00854162703310979,-0.00955848476699006,0.00480065393836449,0.00203504240431207,-0.000661830617286197,-0.000200564835939665
"2106","5/14/15",0.00480447016713015,0.00408675658251956,0.0146630394476743,-0.000966211336438705,0.0113452946668933,0.0119122514363268,0.0193014622670402,0.0158949705785056,0.0100616316863045,0.013100770251923,0.00882653617428519
"2107","5/15/15",0.00489532337685827,0.00700043875809686,0.0034184567406117,0.00369282152747386,0.00194344506828315,0.0114570112232257,0.0102154416632521,-0.00280361982881172,-0.000274140775069043,0.00225193731980777,-0.00298277025371563
"2108","5/18/15",0.00498485020868866,0.00533492036170768,-0.00131627463069384,0.000350032279106793,-0.000881636741432157,0.00415680020985265,-0.00258962865581058,0.00516940429497259,0.00265124196598587,0.00717600559344067,0.00558419550223443
"2109","5/19/15",-0.0127383568445741,0.00032160008376847,-0.00255848647701729,-0.0136600535361994,-0.00511787324818647,0.00175929093822647,-0.0034617440285285,-0.0012629644224128,-0.00237074061014808,0.004533917732362,0.0057515871384819
"2110","5/20/15",0.0069652180206603,0.000321632899780822,-0.00171026354946469,0.00221961874235732,-0.000532022348690431,0.00154918827329742,-0.000868871302171503,-0.000271085654322101,-0.00392965424939995,0.00243613486827154,-0.00315501347792568
"2111","5/21/15",0.0026080018960537,0.00329461981370205,0.00101236923636283,0.00956675199212675,0.00319437227768504,-0.000412198028083455,-0.00471859829154919,0.00343393949954862,0.00440398358903771,-0.00057182947090173,-0.00257179613618141
"2112","5/22/15",-0.00712499915001064,-0.00120157471729698,-0.00311127629659957,-0.00421181745370047,-0.00185755437827795,-0.00175429021170304,-0.00124745745123944,0.000360203818405624,-0.00411065801503563,-0.0015732561280779,-0.00039656709829794
"2113","5/26/15",-0.00113926826269439,-0.00737700110660366,-0.00772472450683304,-0.0163008328380493,-0.01231845477168,-0.00713253895779165,-0.00762048121577397,-0.013863703123052,-0.0117410192590798,-0.00866618593906132,-0.00872997913387275
"2114","5/27/15",0.0085529225514005,0.0072703963205738,0.00605496439424114,-0.0011644565625023,0.0069091157345349,0.00468505424259336,0.00981916461752741,0.0170712294853907,0.00733258755911681,0.0115597000101861,0.00900709127289034
"2115","5/28/15",-0.00350522513094942,-0.00168418397506587,-0.00148509210396941,-0.00403558588682862,0.00133660336098584,0.00310893057980932,-0.00199451349392743,-0.000538516070038964,-0.00433072259036293,0.000214324768561314,-0.000595022269445966
"2116","5/29/15",-0.00147500758963703,-0.00682841076420115,-0.00579273270407299,-9.00319955090545e-05,-0.00640731573218101,-0.00185970187914664,-0.0114915547121879,-0.00691526068543646,-0.00906896637011223,-0.00157123664089809,-0.00873376585191898
"2117","6/1/15",-0.00886373865542711,0.0027501297077035,0,-0.00279161926084437,0.000268675685045849,0.00165586250302985,0.012256608473397,0.00298444173959966,0.00354874966135088,0.00257483826444704,0.00160194847046946
"2118","6/2/15",0.00584736986353063,0.00177459717934925,-0.00354307883095939,0.00713387598060478,0.00411886891978375,-0.0138458978520835,-0.00923710644868991,-0.00234438743155141,0.00260555313513122,-0.00527862055653172,0.001799244661564
"2119","6/3/15",0.00934677536904016,0.00773014276908701,7.91382139713193e-05,-0.00690373546262657,0.00285354505105273,-0.0132019514671542,-0.0143635937249895,0.00370557669743699,0.00594028940630831,0.00236653144554544,0.00578725450379203
"2120","6/4/15",-0.00779221062599955,-0.0066321199253937,-0.00853287883764231,-0.0132721577487535,-0.0123598568047727,-0.00371612014263312,-0.00191723309557557,-0.00936471280923323,-0.0114413664028116,-0.0072977684648099,-0.00734138991185185
"2121","6/5/15",-0.00694302011362324,-0.000563190468037988,-0.0117937063143686,0.00759439133641382,-0.00234104330508733,-0.0115100065126637,-0.0111422316700267,-0.000363255868202406,0.00205354787483225,0.000936679670583418,0.00499727899242508
"2122","6/8/15",-0.00137519803611164,-0.00692143401098955,-0.00112894830213561,-0.00463130879553397,-0.00397055679931579,-0.00528335860150964,-0.0018130831360138,-0.0125478638141947,-0.0080102711686697,-0.00439188490457287,-0.00497243037059281
"2123","6/9/15",-0.00229528781092314,-0.00194495168632824,0.0040365563318856,-0.000547245384298956,0.000362280706667883,-0.00227614490079864,-0.00726635633654937,-0.00174943178225795,-0.000282042964006579,-0.0015189375926038,0.00179921010129824
"2124","6/10/15",0.00839746579637568,0.00958170777638601,0.00997007801075345,0.0131444706396535,0.0101440763652627,0.00499748391448285,0.00705810990996558,0.0151278876664795,0.0105194493422427,0.0116617753569208,0.0139663823465879
"2125","6/11/15",0.00524773489094588,0.0030563583213068,0,-0.00387408243529141,0.00233108641045576,0.00735027377090947,0.0060997385070356,0.000181506485819716,0.00325320504297921,0.00687306427497569,0.00334519418214496
"2126","6/12/15",-0.00408533818107049,-0.00272631366489173,-0.00310474217494683,-0.0115772640485922,-0.00509865928270103,-0.00912105870242641,-0.000903039439181796,-0.00717715234246397,-0.00407634471307017,-0.0112351579733374,-0.00274572344810009
"2127","6/15/15",-0.00398838729819062,-0.00450259703670441,-0.00766660719879375,-0.00301982108920951,-0.00809219375211589,-0.00292386243552345,-0.00542276449046131,-0.00549056775484458,-0.00809311000511181,0.000359717408313198,-0.00412973308554276
"2128","6/16/15",0.00491930092318915,0.00436149038134137,0.011025320139181,0.00770985555122405,0.00571064389080234,0.00488757984444099,0.00804890270813119,0.00625708718488727,0.000562779606423591,0.00481674250060538,0.00612152858407455
"2129","6/17/15",-0.00091046384785054,0.00466433845225711,0.00485548229009036,-0.00191271711513796,0.00351521185173098,0.0082146674428849,0.00849959410842982,0.00146281407602045,0.0017807494829194,0.00178862263605017,-0.0021587383523396
"2130","6/18/15",0.00979927103509715,0.0113662993091717,0.0102978959496181,-0.000547704180119402,0.00835267205585599,0.0134001592946795,0.0137912776475304,0.00840041125946422,0.0108534818057717,0.0157118571455233,0.00924464657100099
"2131","6/19/15",-0.000902655397973184,-0.00229519449164717,0.000548715572879832,-0.00958725675615113,-0.00445367311062073,-0.00909766505929377,-0.00768348894237481,-0.00724372084134872,-0.00240650720027502,-0.000562462392439289,-0.00740614684496022
"2132","6/22/15",0.00463057569419689,0.00428365207497938,0.00329135173282191,0.0102333710361342,0.00125293012751237,-0.000747046697537779,-0.010281631705191,0.00665809012401763,0.00436070784781806,0.00851265518237643,0.00589042785428084
"2133","6/23/15",0.00876926489156094,0.00442352814488411,-0.00273367781943512,0.00419774682809249,-0.00160851219033642,-0.0125000694189166,-0.00833672373411898,0.000543657320277058,-0.00027725360302544,0.00132551429532435,0.00351353919489017
"2134","6/24/15",-0.00869303337914806,-0.00754978485876701,-0.00462096716453109,-0.00627045811498173,-0.0114563845007835,-0.00724871050384024,-0.00543200465658567,-0.00552379279164872,-0.00942530891021953,-0.0107982211404754,-0.00816945574648831
"2135","6/25/15",0.00247331360236491,-0.00031681074785872,-0.00204562211389681,-0.0111567427489121,-0.000814696007480853,-0.0069747523505751,-0.0101427760381414,-0.00245869563201129,-0.00671620580063526,0.00514115960832862,-0.00607976461512993
"2136","6/26/15",-0.0060558686587241,0.0036460984447253,0.00149782610262572,0.00184961976825093,-0.00262776341354731,0.00496230618907889,0.00719202039602185,-0.00967605267485572,0.0014085396791379,-0.00203195757023922,0.00432192610726778
"2137","6/29/15",-0.0183910953005326,-0.0227453159032666,-0.0159816320873755,-0.0180928776842146,-0.0242571765336493,-0.00672322264351644,-0.0155467758138166,-0.0227668599228646,-0.0199754047023,-0.0232396566338723,-0.0232926190304926
"2138","6/30/15",-0.00057470225998113,0.00387922615864356,-0.000799897266785976,0.0054527313517525,0.00232773508594875,-0.00221935548944052,-0.000401496751836539,0.00198077786682882,0.00200955068586306,0.00603814946732872,0.00383983185167414
"2139","7/1/15",0.00230023550316494,0.0106261457221519,0.0116100510756192,-0.0155211767737757,0.0026008270741531,0.00366999070943441,0.0164679470597762,0.00536574172996129,0.00219648456693755,0.0065016805606315,0.0130863603278302
"2140","7/2/15",-0.00286827837202863,-0.00207100727997234,-0.000712347200771957,0.00398868266359487,-0.0025016158421225,0.0146260842749018,0.00250260034250038,0.000842414353792176,-0.00104829425146657,-0.00333664304310155,-0.00357694963519939
"2141","7/6/15",-0.00759508147314414,-0.0019156774418877,-0.00142577173944713,-0.0145681413121656,-0.00928836551670109,0.00262077098812608,0.00630682976075536,-0.0041161851797803,-0.00476956618403612,0.000570109171379674,-0.00179511008872524
"2142","7/7/15",-0.000580069857206267,0.00679782998387157,0.0187992515366824,0.010655867241695,-0.00262527271742352,0.0236358919546229,0.0156678335755946,0.00018787264495046,0.00632601207759476,0.00384393341144995,0.00179833830395748
"2143","7/8/15",-0.0126463059235357,-0.0187465185414979,-0.0111337865740381,-0.0208016267998153,-0.0220905239763324,-0.00500103486677805,-0.00385668278426399,-0.016906283004552,-0.0181923034660716,-0.0173733248463409,-0.0157560501187598
"2144","7/9/15",-0.0030553577938075,0.00388582060781606,0.000393824462122216,0.00446210188432206,0.00230704338494792,-0.0106940775707524,-0.00477477933880244,-0.00219724212301231,0.00349240147280394,0.0059178181111057,0.00587670346212121
"2145","7/10/15",0.013319315210812,0.0143535284001524,0.0112543780847714,0.00424906959454607,0.0143854813442381,0.00583704078870562,0.00829881310363856,0.0148409373145988,0.0116977131391478,0.0135588122970693,0.0124898755260638
"2146","7/13/15",0.00511801353321961,0.0139916161426235,0.00996179928357166,0.00605828113058715,0.0119129160374003,0.000429967205457071,0.00141468240614495,0.0147184030754508,0.00955585016969351,0.0099092952670321,0.00875434803304098
"2147","7/14/15",0.00798517603575899,0.00172478891206129,0.000847940296107019,0.0102275090924246,0.00485835214370312,-0.000966940665542815,0.00205472063346246,0.00483479809924559,0.00283945626324966,0.0110036707506032,0.00394493993767497
"2148","7/15/15",-0.00688873055126527,-0.00242613714786211,-0.00331100077213842,-0.018734026554842,-0.00985577160169049,0.00376358920723407,0.00166598149525932,0.000277804161676665,-0.00490801877527536,6.93073271138545e-05,0.00569734274673572
"2149","7/16/15",0.0112140593114292,0.00611956354079424,0.0106605879241488,-0.000964169748122856,-0.00244164692707627,0.015104455267305,0.00806061710915751,0.0114707799252876,0.00521689572739503,0.00637728965344309,0.00839989776081351
"2150","7/17/15",-0.00594505464248296,-0.00226135962576113,-0.00129930402330281,-0.0124505168762137,-0.00866020151144054,-0.0108694729743879,-0.00355377037122828,0.0138102697518185,-0.000660604687207078,-0.000619858031614018,-0.0030995005184874
"2151","7/20/15",0.00103517917738105,0.000390659096403345,0.00176008017992491,-0.0137803645655314,-0.0091161820617891,-0.00554814118002489,0.00114629923632825,0.00442024760840254,-0.000566523732435154,0.00199898607437876,0.00194342293215155
"2152","7/21/15",-0.0114889837123278,-0.00390629828841549,-0.00374354466404747,0.00128844380975646,-0.00594155369803984,-0.00954823177401509,-0.00279900663901012,-0.00476010406998173,-0.00944729177101145,-0.00454001358178158,-0.00174558766079191
"2153","7/22/15",-0.00918165139185312,0.00399995012615939,0.00276066467615466,-0.0083138626455721,-0.00356715314350398,0.00389949617820839,0.00433752608949534,-0.0140782491936327,-0.00419655954678844,0.00186582218304499,0.00680005047283938
"2154","7/23/15",-0.00211144365772098,-0.006952377059814,-0.00474139198071899,-0.00149680440607058,-0.0136414732688291,-0.0143502695089344,-0.0124490518769022,-0.00173909085575397,-0.00929044753412378,-0.00324159486546483,-0.00868396043820996
"2155","7/24/15",-0.010461717064326,-0.00212403286485885,-0.00568635927793804,-0.0206897668293307,-0.0205983303766896,-0.000437968689275703,0.00424512390807075,-0.00687695350583584,-0.0129541936657021,-0.0239413126275864,-0.00817593352217749
"2156","7/27/15",-0.0053460072387328,-0.00859285830424938,-0.00154547107395875,-0.0152071491159649,-0.0107160789751333,0.0131420840636012,0.00179304584135731,-0.0101559671106198,-0.00568059647534225,-0.00326116051644454,-0.00706567251126011
"2157","7/28/15",0.00191074439228034,0.00866733548999021,0.0115325693083839,0.0305733437108351,0.0211582447866969,0.00486430646798475,0.000639487140187578,0.0100737068912231,0.0172377655081615,0.0176387682936905,0.00375555996644295
"2158","7/29/15",0.00691395366768366,0.00977533263284647,0.00374921348768753,0.0147825950638434,0.0107067387356821,0.00322701912221635,0.00651638625278173,0.00526353322790962,0.013266371605644,0.000489214918040437,0.00787715278138856
"2159","7/30/15",0.0100626821285776,0.00444992797056454,-0.00213454481432152,-0.00584702089778866,0.00382528475369148,0.00782784270962211,-0.00495076817754059,0.00238844907673985,-0.000286735938651472,-0.000908000242774376,0.00117249200621039
"2160","7/31/15",0.013009926359179,0.00349774823654303,0.000764114588249765,-0.0249199805267627,-0.00302896565184729,0.00904332346090686,0.00791023266586932,-0.00439876164882191,0.000669173489265207,0.00671230479252438,-0.00273249850049029
"2161","8/3/15",0.00150411152835961,-0.00395019306804056,0.00274821579658924,-0.0209570064680095,-0.00784084168984511,0.00411233985390047,0.00620229771770098,-0.00598326706309116,-0.00515857216832671,-0.000694682596053986,0.000978768192664736
"2162","8/4/15",-0.00439028513218487,0.00334374956324979,0.00106551726675042,-0.00448994908673828,0.00405023927884574,-0.0163814573911035,-0.00729633755143655,-0.00620409474588446,-0.000480038842650465,-0.000694944106344186,-0.0017597481074525
"2163","8/5/15",0.000348450533285138,-0.00697519757650555,0.00859316104487395,-0.00839087803429672,0.00560798187671674,0.00373640325885427,-0.00658995371708304,0.00978393070540573,0.00480347324372454,0.00751142377336445,0.00215429683380131
"2164","8/6/15",-0.0076558849117615,-0.0145165177973625,-0.00746431407833936,0.01808750240471,-0.00322866889634521,0.00223380183736333,0.0014030720600402,-0.0104273772914255,-0.00487622070723026,-0.0225734251684554,-0.00390855800148238
"2165","8/7/15",-0.0057276762952172,-0.00126712752632452,-0.00600120838214235,-0.0196363022421734,-0.0139379137291819,0.0110365883404473,0.00369470436283126,0.000839262871991986,-0.00566893768085364,-0.00346065395943551,0
"2166","8/10/15",0.0202210632756434,0.00856402542267465,0.00481474224391087,0.0335946587388427,0.0257814069477991,-0.00283384006959309,-0.00317329816774259,0.0152799638279411,0.0192291313733242,0.00715789953428514,0.00980981096163291
"2167","8/11/15",0.00357227591385256,-0.00990637338968881,-0.00403106338340942,0.000615119376642159,-0.0186317398291768,0.00473672701418848,0.00662087998747141,-0.0163346768441688,-0.0106181072821931,-0.00724773015079083,-0.0077715311401666
"2168","8/12/15",-0.00688941701417334,-0.00500280883981141,0.00076368666628146,0.0176248338109692,0.00138425858804569,0.0172864625766527,0.00316211839284652,0.004851182746062,-0.000670849063251655,0.000779713961069239,-0.00783256977256963
"2169","8/13/15",-0.00184987545175064,0.00614516198779969,-0.00328131360756823,-0.0155069783124427,-0.00276484007410283,0.000205882957795112,0.00113485588501483,-0.00250671374228717,0,-0.00283319583849806,0.00256582733324651
"2170","8/14/15",0.00880337094073047,0.00166568967342728,0.00367492839541828,-0.00204577262697536,0.00604033931865167,0.00844328980413689,0.00541559770807165,0.00530539064358293,0.00652031709783096,0.00142073972729251,0.00787411450937614
"2171","8/17/15",0.00872674366129167,0.0102154080474304,0.00122029839925508,0.000922549663863848,0.00708626958990521,0.00551376951863114,0.0085182817027194,0.00648060920415028,0.00523968492832649,0.0122701972192181,0.00273406474617222
"2172","8/18/15",0.000796663610010073,-0.000235118595247497,-0.00540898582484972,-0.00378867418029694,-0.00762283155231869,-0.00335116231938304,0.00273260366166617,-0.00625499199554236,-0.00208483878913757,-0.0023121513811144,-0.00116860714938338
"2173","8/19/15",-0.00466333353064841,-0.00352834740551211,-0.00988138670139271,-0.028574299687015,-0.012212139116129,0.00326041753823003,-0.00594579950474816,-0.00823851120356434,-0.00845223318451027,-0.0051971459491631,-0.008580134562718
"2174","8/20/15",-0.0181691806705123,-0.0276180976162809,-0.00874194596852262,-0.0230662206404595,-0.0177466963599682,-0.00721039185028172,-0.00735235675528823,-0.0257608904162463,-0.0233692535932086,-0.0250614755402566,-0.0196697650303784
"2175","8/21/15",-0.0103588281421967,-0.0305874577798959,-0.0261454413094628,-0.0339003898881353,-0.0250710079977121,-0.0125818298342426,-0.0185788736532845,-0.0375549637141803,-0.0263802776505886,-0.0287477125705164,-0.0276885990348406
"2176","8/24/15",-0.0395154206909362,-0.0402337329356527,-0.0341401573283903,-0.0530267779114936,-0.0408121202422103,-0.0356365447344185,-0.0468149451033095,-0.0364322858707188,-0.0337430076229135,-0.0380226322945372,-0.0478745244793257
"2177","8/25/15",-0.0166524127342453,-0.00260922363465621,-0.00962472785528479,-0.0126671358104411,-0.0170410227427352,-0.0301858114026978,-0.0275091762377918,-0.0107437660040861,-0.0140729237421204,-0.0141052994326717,-0.0149543201081016
"2178","8/26/15",0.0256509181376094,0.0347923204562364,0.0294066569502316,0.0335731294450325,0.0242933385440971,0.0169472026002628,0.027045435093811,0.0499160566137558,0.0287589214667114,0.0418992222087884,0.0345434254940147
"2179","8/27/15",0.0193028492247753,0.0235949895304708,0.014975256316698,0.0530160562652853,0.0370846725034919,0.0125259517222556,0.0193470124611803,0.0228765951245351,0.023535300922658,0.0193903299574816,0.0244577232663712
"2180","8/28/15",-0.000833669313094698,0.00115261686027335,-0.0014434495575687,0.0201608640927808,0.00582145926170829,-0.00150611721458482,-0.00144969025950215,0.00330627694326169,0.00331359875842252,-0.00118419326881714,-0.00269883516982194
"2181","8/31/15",-0.00202639410602168,-0.00600297762154089,-0.00666494198170953,0.0130671359406964,-0.00351391952755831,-0.0149751312691605,-0.0228354287189979,-0.00814113161498498,-0.00700560149137552,-0.0190440486914077,-0.0066611364785657
"2182","9/1/15",-0.0238892777784853,-0.0259760434383534,-0.0210993842801657,-0.0366699449854201,-0.0298694131026914,-0.0261402710910368,-0.0190461826035355,-0.0318546541856531,-0.026305113184955,-0.0265901690986545,-0.0324811104831116
"2183","9/2/15",0.0168872305405057,0.0197892730594302,0.0140390039182017,0.00863116609471559,0.0107975062806913,-0.000786021905790912,0.0103279364976583,0.0234154518697571,0.0194596524370489,0.0211083818023605,0.013211857251453
"2184","9/3/15",0.00818271316805252,0.0045807275452483,0.00708545998378707,0.0037301705431525,0.00676902747292085,0.00561989606919444,0.00272575476942327,0.00098636449046241,0.00324896861486113,-0.0082081267629367,0.0051305873190155
"2185","9/4/15",-0.0131294146592524,-0.0128503093624702,-0.0145562200443389,-0.0172696518660731,-0.0184892725219544,-0.0144184327742274,-0.0186216225898567,-0.0144830866330363,-0.0142698884043061,-0.0111109546999576,-0.0174395131797025
"2186","9/8/15",0.017900085023201,0.0234315684377442,0.0196947493896134,0.0146812667622676,0.0234398228927593,0.0204129653849205,0.0150968783317174,0.0278919209120236,0.0267968939425252,0.0292908373953213,0.0238096677143951
"2187","9/9/15",-0.00962455070252743,-0.0109961843078361,-0.0168194725011777,-0.0207169904198951,-0.0079480367087631,-0.0110027298677604,-0.0114614633620939,-0.0120599065018576,-0.00979894408418669,-0.0155082234229375,-0.0118392574295203
"2188","9/10/15",-0.000839470523487651,0.000829758556262883,0.00229182072454615,0.00425361370167621,0.000632449885009656,-0.00280926655886371,0.00220880943555324,0.00984452523429158,0.000302739086440518,0.00994084601693968,0.00470663523742987
"2189","9/11/15",0.00468273624967153,0.0068812572349739,0.00571676445083069,-0.00858262783034702,-0.002528383408545,0.00766286304497865,0.0191430078212429,0.00487401041553426,0.00434104427416404,0.00802627603987927,0.00425905528789294
"2190","9/14/15",-0.00262950077004453,-0.00502281060269083,-0.00300451768073462,-0.00899347466837397,-0.0115124739785354,0.00290754006428129,0.000540612014142461,-0.00291040592124081,-0.00522670131782743,-0.00323030806505487,-0.00190829010243398
"2191","9/15/15",0.0124626847030755,0.0101785888419315,0.0119725864686573,0.0119113686280055,0.00940268143646961,0.00591007071546223,0.00985960290711052,0.0127457030042051,0.0162674409601153,0.0130368624064117,0.0133843263038884
"2192","9/16/15",0.00260367128278105,0.0113870839027972,0.0107846469385136,0.0300451185373038,0.0150311703705472,0.0105310751830296,0.0106993130895137,0.00547613846681649,0.00884880428055301,0.00245497418912488,0.0069182049910741
"2193","9/17/15",-0.00200676522168497,0.00291590616022819,0.000636984780066019,-0.000326662902018771,-0.00615276212307458,0.0123957801904084,0.0113801517301502,-0.00544631369886783,-0.00463196726185999,0.0110568243887501,-0.0102020236279906
"2194","9/18/15",-0.0121834344843952,-0.0156679429311084,-0.0131296804140894,-0.0285248307631506,-0.018048350938063,-0.00606794769429986,-0.00170085752480598,-0.0124891524856322,-0.0216832888851317,-0.0134312235346428,-0.0168278059441767
"2195","9/21/15",0.00287388497097063,0.00672791348635515,0.00846632757758159,0.00571556319882438,0.00224412468213431,0.00359748920430647,0.00851876138045804,0.00826921460510088,0.00485788395869768,-0.0166642784551935,0.0102696073818109
"2196","9/22/15",-0.0103881640681361,-0.012387824008947,-0.0119932075627178,-0.0108090806733,-0.0188718398628953,-0.0117313439208174,-0.0126053942893058,-0.0156309454735475,-0.0152079636801595,-0.00832194861890667,-0.0133418998396863
"2197","9/23/15",-0.00396081781824686,-0.00319081567527602,0.00169998863904897,-0.0149165789321828,-0.0189273752261908,0.0020883369989293,0.00627424749745775,0.00143518760394468,-0.00679704009558313,-0.0017470598119933,0.00257550018940567
"2198","9/24/15",0.000374063912596645,-0.00367731469916688,0.00107126071005448,0.00397564732709799,-0.000901493249349183,0.00800700359472262,-0.00937887999219966,-0.000988336169744475,-0.00752298441875465,-0.0106390840940973,-0.00620850185253807
"2199","9/25/15",-0.00211832944572909,-0.000922996823773947,0.00666579682303992,0.00186339883886477,-0.00360932289204507,0.00972276716289655,0.00400020290014758,-0.00237429561459768,0.00136882028750152,-0.0307799755811854,0.0112067086267835
"2200","9/28/15",-0.0216034082839766,-0.0303105481953237,-0.0171678458450186,-0.0372005730401251,-0.0335067887665471,-0.00544004822691091,-0.0155397061685446,-0.023601779730288,-0.0208159247013145,-0.0417269974421997,-0.0222937326274859
"2201","9/29/15",-0.00689227256607139,-0.00389633293765801,-0.000998175152864378,0.00012071148651116,0.00281092261698834,0.000437258801820661,0.0106583486876837,-0.00517983070733052,0.00365053365864809,0.00520175837723058,0.00306963040140862
"2202","9/30/15",0.0128521621368116,0.0243394176337421,0.00965852205584072,0.0233006357886032,0.0199720801399028,0.0171681030301969,0.00841005233176584,0.0209291328025898,0.015832159913453,0.0229528831381314,0.0118032311118583
"2203","10/1/15",-0.0112934457490725,0.00551585795697362,-0.000164872683485862,0.00153394444863975,0.00996207851874886,-0.01032058674809,0.00489832003872648,0.000499999242931759,-0.00200079383823115,0.00758808729032845,0.00172833017135954
"2204","10/2/15",0.00539036961866324,0.0138407028814171,0.0136917686748586,0.0421720849109801,0.0241496096993277,0.0134696857519296,0.00724500544200568,0.0151922993968179,0.0122399310197154,0.0221882547850103,0.000862685653314488
"2205","10/5/15",0.0292316305372875,0.0158995422515289,0.0179820916751496,0.0308578769451837,0.027012006814338,0.0146835171055624,0.0168718557974545,0.0198877361381635,0.0302305722877023,0.00277264864037563,0.0206848781354512
"2206","10/6/15",-0.00409283406246108,-0.00696484833520061,-0.00679392177036775,0.0248905109241657,0.0100248033433119,-0.00749953217362165,-0.00231537839020068,0.0023169174956188,-0.00192244642854267,-0.0261494051262324,-0.00464405405892621
"2207","10/7/15",0.0119553951703675,0.00445573724907233,0.00772580263814482,0.0125173081182419,0.0148346657829499,-0.00212856745041279,0.0114735486646116,0.00539357044219635,0.013787521794645,0.0143586401593416,0.0101802899143137
"2208","10/8/15",0.0104601616470599,0.0115008257529254,0.0126176652143744,0.0206043440747272,0.0155643101356271,0.012585432147225,0.00841202369795857,0.00488535349355756,0.0158000553448736,0.00167938290353642,0.00587871226574999
"2209","10/9/15",-0.00669858027126502,0.000406079681062321,0.00370658800782131,-0.00724708641492744,0.000932011072892314,-0.00347592970729871,-0.00164322250034987,0.00524301140609196,0.00364232829748934,0.00582856594426917,-0.00500948866243656
"2210","10/12/15",0.00564013471311653,0.00357212900987514,0.00133580570478187,-0.0138700916613945,-0.00962144946353549,0.00845557266133623,0.00708971288149707,0.000853428442943338,-0.000392237298274867,0.00182552176907746,0.0025172763248178
"2211","10/13/15",-0.00463300613873474,-0.00493449021441528,-0.00674828308952802,-0.00962336270777353,-0.00344719341823885,-0.00293458891337628,-0.00779386266001736,-0.00464272797426102,-0.0108919887708375,-0.0135488386091396,-0.00732382215163385
"2212","10/14/15",-0.00673703649509272,-0.0103245240156348,-0.0108231951384798,0.00939652139852942,0.00744225771237383,-0.000315358250182474,-0.00747509252532197,-0.0006660919827014,-0.0106149857507629,-0.00208841220043632,-0.0103286464290719
"2213","10/15/15",0.0218279355570041,0.0126501046481442,0.00942415545995101,0.0172433921977493,0.00457812996706908,0.0147213255544032,0.0136585969096199,0.0118115594656576,0.00992661498911285,0.0250323290079919,0.0208733835365613
"2214","10/16/15",-0.000120710810727509,0.00551573683511331,0.0101274277446928,0.000415701346376363,-0.00103556162571705,0.00207254099844412,0.00755554157176963,0.00273020236350208,-0.00367358761130798,0.00824480916282466,0.00438113515179572
"2215","10/19/15",0.0020518382745911,0.00411449746441583,0.00336806288806835,-0.0206860952284165,-0.00808719098465682,0.00124087169278431,0.013998323759749,0.00328599326912871,0.000996419262012438,0.00303746082264245,0.00103871399155242
"2216","10/20/15",0.0137316125263625,-0.00168746637052508,-0.000858857745196229,0.00403375294966368,0.00240409000982345,0.00216909130223386,-0.000369687375271988,-0.00355600879238538,0.00497780554414939,-0.0153738387858867,0.00498029349480222
"2217","10/21/15",-0.0104562767457336,-0.00804757730818251,-0.000703068513191796,-0.0134263812184228,-0.0117829493732565,-0.00298886155929323,-0.00369927844170637,-0.00948518505261131,-0.00118867441668047,-0.00993598583094502,-0.00784623805261297
"2218","10/22/15",0.0184917505831568,0.0120883282191917,0.0191555237507142,0.0180026302800806,0.0261684059790068,0.0109574596321709,0.0087871278250331,0.0228500103002454,0.0249924302572733,-0.00820399338206079,0.0147760066047047
"2219","10/23/15",0.00896014416838109,0.00328650921638407,-0.000536830089980289,-0.00178954109395801,0.00822607844830059,-0.0166668178467246,-0.0096919815896751,0.0271597650868611,0.00435426142659057,0.0220045799896436,0.0094341801388218
"2220","10/26/15",-0.00198639793122213,0.00703104492970708,-0.00276334345851892,-0.0252029009572692,-0.00713898181767891,-0.0012478962971969,-0.000247854850292883,-0.0045122970384901,-0.0020232990242729,0.00377170913923464,-0.00264127975396178
"2221","10/27/15",-0.0134644601156519,-0.00698195449396288,0.000769884895795547,-0.0131980043152014,-0.00821787956926345,-0.00395620722398127,-0.000371657229942368,-0.00625497142759446,-0.0115840375861647,0.0169876766003734,-0.00692597119371141
"2222","10/28/15",0.0199382641261503,0.0119847594880704,-0.00330738053332069,0.0237886253717132,0.0164678923168295,-0.00857109197248684,0.000867595056634807,0.0175149514672091,0.0104503040460968,0.0116233603396303,0.0231794052975847
"2223","10/29/15",-0.0109379109319966,0.00102636859589245,-0.000385956410593358,0.00449746228559822,0.00112107564859776,-0.00548244032401879,-0.00136222732765579,-0.00466197192790185,-0.000483279792644509,0.00182634372266222,-0.00380924664797944
"2224","10/30/15",0.00870591738114213,0.00157735550472848,-0.00949505632990555,0.00735529042624283,0.00366417867398505,0.00530058201648353,-0.00917796672295712,-0.00504412520835629,-0.00154726164242713,-0.00554467528247837,-0.0132822790158784
"2225","11/2/15",0.00979704390753322,0.00566985912800977,0.00568938858211188,0.0228571386516385,0.0075042048347127,0.000632723628489762,0.0212794061721091,0.00959607450357836,0.0129781610675073,0.0222256792295921,0.0165204968522239
"2226","11/3/15",-0.00358050275245481,0.00454125068080646,-0.00449471974571269,0.0255534469007059,0.0021137121052599,0.00326700300439442,-0.0100502962409834,0.00654608803781787,0.000287002202273179,-0.000896691897893875,-0.0012040529167584
"2227","11/4/15",-0.00730260031303931,-0.00670340359278354,-0.00529364842172753,-0.00958337375359208,-0.00562465524964495,0.00514707559461458,-0.00445684636446697,0.00187073387533121,-0.00258111716443632,-0.0023933375887295,-0.00301281397289976
"2228","11/5/15",0.000467066335787747,0.00337447765405208,0.000939238748686178,-0.010083499415133,-0.00626249602294027,-0.00825596261856054,0.0039796140608428,-0.00302338031128302,0.0019169181294576,-0.00374800970009592,0.00604450615588292
"2229","11/6/15",-0.00245101795833202,-0.000312929527858441,-0.0110242482358461,-0.00432144636755716,0.00243947441862047,-0.0360380566933437,-0.0310913150344856,0.00588675303377584,0.00181711497325643,-0.00225696826884325,0.00801124852889679
"2230","11/9/15",-0.00877497745569122,-0.0136910517639725,-0.0063245919054038,-0.0111604876550502,-0.00831478500116478,0.00142132195965972,-0.0171313507842852,-0.00948754106375005,-0.0104066905287091,-0.00686273835048556,-0.0117226814841961
"2231","11/10/15",-0.00483963976427548,0.00761466348679907,0.00270498655372919,0.00334414912516312,-0.00725995274800595,0.00971509388454872,0.0114463902967963,-0.00734048240276131,0.00106128521819904,0.00645443134065538,0.00442303288396673
"2232","11/11/15",-0.00201600579591843,-0.00495923982949731,-0.000714132459407324,-0.0210393209872788,0.00216325446133414,0.00789193590487836,0.00115736769641295,-0.000541128720834338,0.00134938618123059,-0.0115437160780906,-0.00160128327418507
"2233","11/12/15",-0.00748756852182153,-0.0102849549584775,-0.0154040343679485,-0.0245772002530088,-0.0223024917942951,-0.0116916105442569,-0.00680802760889232,-0.0100154063606158,-0.0160731633651198,-0.0172507069762327,-0.0158380147151791
"2234","11/13/15",-0.0113760609364848,-0.0264588920887802,-0.00814522547706065,-0.00403603363819338,0.0116684249783683,-0.0043412122217048,-0.011381027742145,-0.0195951182039773,-0.00371717426770823,-0.000854170392902587,-0.00875929468337489
"2235","11/16/15",0.0158671682828779,0.0110848113096103,0.0153671880155397,0.0340599914595676,0.0119492359617916,0.0174405742622072,0.0115120466646037,0.0133866449276365,0.0112911020630708,0.0103388339792758,0.011919362725842
"2236","11/17/15",0.00274244126576861,-0.000162432294886661,-0.00152159523153639,-0.0128151736898179,-0.0028748592995399,-0.0182129198815401,0,0.00064203849751876,-0.00116518200578208,0.0053088678555957,-0.00203101885282408
"2237","11/18/15",0.00915567979575371,0.0168128803338334,0.0141149135511165,0.0175947598459323,0.020698202870608,0.00829346407523435,0.00879481937326898,0.0159516148638557,0.0139971479021503,0.0194399141045185,0.0162801498823439
"2238","11/19/15",0.00271012778887858,-0.000239750852188081,0.00213541119382588,-0.0137059688309715,-0.00100895870745887,0.00909083193578275,0.00307689712286696,0.00406056712911407,0.0036424673302915,-0.0168170177739206,0.00140164372280527
"2239","11/20/15",-0.00399519093902001,0.0127037402826489,-0.00599769552447083,-0.0115443512579445,-0.00373664736124035,0.0045044726179031,0.0125255615971143,0.00763900947539242,0.00458474719143531,0.00778862247198719,0.00239949135822304
"2240","11/23/15",-0.00247763450770744,0.00370813560883687,0.00865371345868704,0.00692129346230552,0.00121652330534716,-0.00715374386090151,0.00214580144154097,-0.00526209492744922,-0.00266217446852446,0.000151815398728106,-0.00139633138241624
"2241","11/24/15",0.00201058323255476,-0.00149357757191093,0.00291228466019278,0.0237350357311832,0.00961824768927522,-0.00150534748437758,-0.0052901330700682,0.0012552134370305,0.000190481437794654,0.00318155498735262,-0.00219737963361588
"2242","11/25/15",-0.00200654889898322,0.00629777499312922,0.00408094470364229,-0.00776318187903202,-0.00441232026707195,-0.00495413563624947,0.00405206329901819,-0.0022387361024151,0.000286028414641537,0.00573948228920629,0.00120120827407888
"2243","11/27/15",0.00603176276061013,-0.00352026818577278,0.00336095531306202,-0.0081412957927024,-0.000100687092758678,0.00205656195599624,0.00870224776416073,0.00170527017922728,0.00161994100945395,0.00225247549696173,0.00359919418774446
"2244","11/30/15",-0.00223370611326545,-0.0076933789286685,-0.00958172403530733,0.00479704724095797,0.0012086782369245,0.00248406195980899,-0.00737695757130519,0.00143362308464279,-0.00570786802472889,-0.0125112252767509,-0.0023908860948868
"2245","12/1/15",0.00636277236083482,0.00973083066198388,0.0058988641689024,0.00604697293268175,0.00664065436915307,0.00754250379468413,0.0138557405796218,0.00894680101501955,0.00574063481060594,0.0144905513726503,0.0107850293792833
"2246","12/2/15",-0.0091324492608158,-0.00846176793199382,-0.0055514840636931,-0.0314248291149591,-0.0138930366523953,-0.0207464025321373,-0.0203752925371398,-0.00532027932647083,-0.0097984150046897,-0.008151315543376,-0.0130409767933791
"2247","12/3/15",-0.00992555416755203,-0.0150139536577175,-0.00534672935270375,-0.019161795195787,-0.00790603701365833,-0.00950104609583702,-0.0157260207802574,-0.0139077341580393,-0.0122972912510759,-0.0226947112351001,-0.0146145254886254
"2248","12/4/15",0.0153957007654826,0.0179703618341525,0.0211068346328722,-0.00799162506367235,0.0142011445157522,0.0128995458162291,0.0190698649313832,0.0217883274021702,0.0128395092705285,0.0224501720903807,0.0229578919916984
"2249","12/7/15",0.00117532546096255,-0.00386154362350688,0.00294193386872821,-0.0394988176907675,-0.0177293607674006,0.00250354029020428,-0.00278186876608599,-0.00645892153400707,-0.00614616060153772,-0.00807356006651749,-0.00834144638015544
"2250","12/8/15",-0.00129136878789871,-0.00363930618332886,-0.00293330428151517,-0.012232054785712,-0.018049539401413,-0.000868512673837696,-0.000887292053936117,-0.00169191841274019,-0.0149774952139495,0.00342309202885294,-0.0122171078694531
"2251","12/9/15",-0.0125776739753194,-0.0117517105929048,-0.00882574243445478,0.0129732605758226,0.0214099010528943,0,-0.00558373855640204,-0.0149868633556481,-0.00461042772944387,-0.0105375644006668,-0.0109488826713756
"2252","12/10/15",0.000356823297560815,0.00337455565899014,0.000312709869945582,0.00791693923078207,-0.00541913388088922,-0.0154314670850907,-0.00714648720166666,0.00235470512437574,0.00512461352877969,0.00789154260554015,-0.000204933696371312
"2253","12/11/15",-0.024515037402807,-0.0221811079196118,-0.0113221649976742,-0.0355779430571169,-0.0244681930578009,-0.00364252357275108,-0.00179956063346509,-0.0208708234778094,-0.0178448882887129,-0.0165716809438312,-0.019889365847357
"2254","12/14/15",0.00195164290135907,0.00163768896545791,0.00868742235596498,0.00467101299284534,-0.0141215294066716,0.00354502397695855,0.00463543145127998,0.00507512988341352,0.000199720701750783,0.00463792527791118,0.000418382618200486
"2255","12/15/15",0.00986284665045467,0.00727648272156678,0.00618547651352519,0.0280163443887529,0.00577219240936144,0.00949323261435508,0.0108945969301102,0.00477404505892531,0.00199619112663463,0.0141570673368914,0.0215390494024785
"2256","12/16/15",0.0232696702553088,0.017532581322671,0.0192981580551825,-0.00684216707146146,0.0122223844593337,0.0255878061331696,0.0195261149507802,0.0133405540316356,0.0173323980792888,0.0147182367411307,0.0153531805528251
"2257","12/17/15",-0.0102506524643193,-0.016592079114905,-0.0119857467633318,-0.0263897241235895,-0.019634599594993,0.00127009226552421,-0.00497475374242318,-0.0152389660818918,-0.0144913141792464,-0.0110655663745849,-0.0137096000532099
"2258","12/18/15",-0.013809750595662,-0.014763275816141,-0.0182351889209741,-0.0181097450712848,-0.0124236026709844,-0.0109644052147594,-0.0116235380914949,-0.0197782547999694,-0.0156980189645726,-0.0123231268212574,-0.02207679184083
"2259","12/21/15",0.00905365806519698,0.00452834508640021,0.0115693933726775,-0.000854906792964738,0.00791671007785943,0.000978297296578612,0.00392004831613568,0.00980857423614645,0.0069649329512389,0.00895582219652513,0.00773379620857639
"2260","12/22/15",0.0123219387335793,0.00721243951363792,0.0122150124157709,0.0143032123717406,0.014417895944524,0.00857753054839416,0.00403073038525625,0.00656783381295578,0.012830873029634,0.00576586782384814,0.00850458172803181
"2261","12/23/15",0.0167776263961481,0.006526678749321,0.00888527045063814,0.044757853143478,0.0228437400320616,0.0162559456138143,0.010278497614048,0.00879107139818713,0.012985616286719,0.0109467728168637,0.012165058758304
"2262","12/24/15",-0.00269346248322311,-0.00178549803901229,-0.00184099249049319,-0.00907268400428274,-0.000939143737858417,-0.000212088335437399,0,-0.000457252442799816,0.000196420915149043,0.0012731684343199,-0.000409365575455345
"2263","12/28/15",-0.000939293260948326,0.00121966451260325,-0.00176769753770389,-0.0201903026035406,-0.007625639829133,0.00243725528079408,0.00554023820114669,-0.000182908506800694,-0.00383030949648777,-0.00456212382580978,-0.000614539431404104
"2264","12/29/15",0.00858014159938536,0.0109621235915558,0.00839211289663577,0.00694846810674798,0.00926292377115745,0.00570754792843142,0.0106435202000275,0.012443823498183,0.00995768799218522,0.0124716485476388,0.0102480481104479
"2265","12/30/15",-0.012120091421032,-0.00738947697387382,-0.00351225554610901,-0.0155860551342877,-0.00917790949512542,-0.00168167889197268,-0.00346940264694051,-0.00768184104907288,-0.00771175772591859,-0.00460073486139911,-0.00770950223975697
"2266","12/31/15",-0.0101448002348311,-0.00833480529993902,-0.0110336095455189,0.00459289717156763,-0.00852623080910331,-0.0111589304226878,-0.00870298679049564,-0.0137522195513737,-0.00609950376324553,-0.00939314611255848,-0.00940497559312459
"2267","1/4/16",-0.0141820047478136,-0.0175437314325889,-0.0129386580488982,-0.000120299957201531,-0.0156069436650362,-0.00340686537226231,-0.0120409866844837,-0.0155138654557048,-0.0159358053242972,-0.0196418320367434,-0.0183694371215325
"2268","1/5/16",0.0106383353701613,-0.00182738719280606,0.0058868420976701,0.00360969640254583,-0.000431400721398245,0.00705046375324114,0.019296884110422,-0.00478377444137223,0.001307704759961,0.00460586663775953,0.00378460878509945
"2269","1/6/16",-0.0043061588286516,-0.0115658882660017,-0.00421368729347937,-0.0388444649015001,-0.0244926770647358,-0.00137888841589962,-0.00273999561755722,-0.0135720517466187,-0.015269017384409,-0.0102391681660329,-0.0138248084242309
"2270","1/7/16",-0.0205431590591497,-0.0208772645158557,-0.0128516778390099,-0.0249469792310012,-0.0280944367301434,-0.00732961613173855,-0.0194828198075336,-0.0321995122234885,-0.0278484698864632,-0.0220797425224386,-0.0274002228009652
"2271","1/8/16",-0.00784985287256601,-0.0117788591609841,-0.00777979797226813,-0.0126646041736944,-0.0109250507824514,-0.000427860318091944,-0.0133742952098921,-0.00858932971515025,-0.0132213227405903,-0.0145259768235152,-0.0159424586722905
"2272","1/11/16",0.00469760718852186,0.00626416010308062,0.00848084167505303,-0.0226741602505037,-0.0140376034862207,0.00599485076019568,0.00568052996576207,0.00487955089893743,0.00191391066101954,-0.0144998318773981,0.00310696019071122
"2273","1/12/16",-0.00578286158341623,0.010115958106482,0.00547398913183628,0.00238621710041165,0.00128371098138058,-0.00649133751050268,-0.00667528699086972,0.0113960913485753,0.00583738168032943,0.0115429428097056,0.00376114099777092
"2274","1/13/16",-0.020544802914451,-0.0338099041825056,-0.0175161260838493,-0.0207645267462407,-0.0229604456401622,-0.00192801679692434,-0.014345050262167,-0.0280226144703868,-0.0251132531968129,-0.0316619420867902,-0.0262289363179997
"2275","1/14/16",0.0165530873751327,0.00673278597006388,0.00321230673102435,0.0434901544226751,0.0131218235975998,0.0162054466296753,-0.00235984622058161,0.0192540893020792,0.0117977826515445,0.0255604012794131,0.00837486531915022
"2276","1/15/16",-0.0205096534325757,-0.0200632025943182,-0.0156099048493368,-0.028345936781779,-0.0195453375621584,-0.00961058520478364,-0.00683407709582118,-0.0297695147172504,-0.0185068820159122,-0.0135944730009322,-0.020875303089267
"2277","1/19/16",0.00685284047243395,0.00161636134990051,0.00967719386976462,-0.0247766670134858,-0.0136907051795623,0.0132222787152636,0.00529317264335583,-0.00265046947223857,-0.00163477634462272,-0.00426587490655417,-0.00160489813526199
"2278","1/20/16",-0.0180238093787454,-0.00771029348907148,-0.0121618113352978,-0.0288213355538551,-0.00511371262677374,-0.021363766316436,-0.0268527423081303,-0.00531464345952848,-0.0101527608706368,0.00477838721756085,-0.0192881729870352
"2279","1/21/16",0.010139831445567,0.0119262556075201,0.00440263248031236,0.0322080714427251,0.00697564922259963,-0.00064529298418059,0.00554559616265604,0.00256863798014129,0.00375008730372173,-0.00516560958324452,-0.00327781270877991
"2280","1/22/16",0.0353240555911307,0.0183036263279932,0.0162351526476456,0.044011585289943,0.0173798209771974,0.0196924868880251,0.0278452393285007,0.0279799598673167,0.0113171988277228,0.0168136507956542,0.0204368664530559
"2281","1/25/16",-0.00368178156459553,-0.0124507432427968,-0.0087067776385823,-0.0476377402555982,-0.0327321414702717,-0.0106586833210262,-0.006281864825468,-0.0147557228179057,-0.0142327267497198,-0.00859212275917032,-0.0220993677204903
"2282","1/26/16",0.0221729171471301,0.0155376108730789,0.00950855205140577,0.0400164602214541,0.0191428987294366,0.00853344032158887,0.0209404618347635,0.0103217723351745,0.0211613821229271,0.00662253859071416,0.0197739820952447
"2283","1/27/16",-0.000481833009222776,-0.0146877663335343,-0.00135696192241552,-0.00566610696068459,-0.00872491569407108,0.00200945086562698,-0.0193501009746504,-0.0240383974635107,-0.0116567677233566,-0.0129955266230145,-0.004385846054209
"2284","1/28/16",0.000240781538892509,0.0100265494055558,0.00959154312071431,0.0316723701492021,0.00281161451066181,0.0165717099867757,-0.00762935583059487,0.0110836212149072,0.00469603280036379,-0.0249341655355237,0.00139093130834356
"2285","1/29/16",0.0238670047358158,0.0140560398212106,0.021850953547133,0.0273602974569436,0.0331585526550713,0.0210777017949078,0.0205460117785314,0.0346125646252213,0.0273913029599271,0.0170480132429374,0.0263951969420351
"2286","2/1/16",0.00317874368293358,0.00519791609297404,0.00209185550379964,-0.0201300588800043,0.000826066646401058,0.0104738258032397,0.0016884908926087,0.00245253718251948,-0.00222185191730828,0.00282131679448905,-0.00383497880439843
"2287","2/2/16",-0.0144348765710022,-0.0198223583547019,-0.0125249913595236,-0.0329205076612572,-0.00990335643713913,0.00342167073148603,-0.0090768633537589,-0.0202585820387463,-0.0218428302354325,-0.0153083021244063,-0.0237771937396619
"2288","2/3/16",0.0119077135881549,-0.00334126478131935,-0.00195747735105978,0.037603830136641,0.0288163463101201,0.0129373222924145,0.0066739614773188,-0.00229724126217923,0.0131163792616984,0.00478990704447746,0.000695837733501792
"2289","2/4/16",0.00364783015980552,-0.00317612499750131,-0.00760964735934266,0.00177990879549372,0.0244213743902371,-0.00534619573366257,0.000520067537168378,0.0024029840424955,0.0180826992359182,-0.00301080062158432,0.00811320962607387
"2290","2/5/16",-0.009379810998562,-0.0322152286732832,-0.00205535499064102,-0.0213250004075488,-0.0125409519175179,0.00149306585274678,-0.0189686899371924,-0.0374552333844133,-0.012821958210845,-0.0215585661027784,-0.0147160459849572
"2291","2/8/16",-0.0189371590067153,-0.0210332624702079,-0.00285168659688317,-0.00337223187097879,-0.0249426928229738,-0.00298192219171733,-0.0286055650006959,-0.018055440073425,-0.0105396288480268,-0.0180041085285149,-0.0245040053672081
"2292","2/9/16",-0.010857946554893,-0.00401685290888454,0.00484599241076689,-0.0238155709555301,0.0102086297048887,0.00388784757457961,-0.0184048662355898,-0.00464951695928173,0.0029052325876664,0.00672262434587312,-0.00406699431236424
"2293","2/10/16",-0.000243571521343466,0.000375110969143888,-0.000474503123194192,-0.0054660977768386,-0.00754991185274345,-0.000794376288659082,0.0069444521146147,0.0045652223665289,-0.00300399832062725,0.00884551189468086,-0.00264247664668382
"2294","2/11/16",0.00561166698042648,-0.00187514551668111,-0.00980778839466256,-0.00442354685489288,-0.02001420470185,-0.016000669647221,-0.0142067722422224,-0.00348783832782196,-0.0190465686825094,-0.0158169873071975,-0.0274564692695428
"2295","2/12/16",0.0137086150917012,0.01963187015006,0.0150171821421925,0.0257170158554572,0.0283049620992966,-0.00383804539958099,0.011473514632746,0.014635656931747,0.0208423937915805,0.0137130697032415,0.0361562950319334
"2296","2/16/16",0.00969361674574487,0.0257944619254171,0.00810575148028381,0.00892611972300816,0.0150989947160476,0.00699593373648133,0.0183980728883404,0.0208009032633354,0.0205244740700998,0.0204204962447252,0.0186424607458557
"2297","2/17/16",0.00995609067884851,0.0230805039647648,0.0108509247266173,0.0314857269676809,0.018420912507926,-0.00171178553607487,0.00855742063956444,0.0245748167372022,0.0171632081476285,0.0157053609612208,0.0119664402351511
"2298","2/18/16",0.00492886270373183,-0.00693470118524775,-0.00417020814136437,-0.00945992547262731,-0.00494299790482478,0.0152295196649228,0.0101009724713412,-0.00629601666372159,-0.000621059747853092,-0.00889520027277313,-0.00486919646571882
"2299","2/19/16",-0.00875864877636245,0.00247496432805727,0.00209374330190459,-0.00483921909640828,-0.00970990792778659,-0.00625881198051614,0.00573332632597401,0.00402295611766323,-0.00248613423916844,0.00142602359425337,0.00163097414892333
"2300","2/22/16",0.011663823541961,0.0188696105436581,0.00410163619942661,0.0245683812707025,0.0182418246948197,0.0101972167859303,0.00954508094292872,0.0137232047095055,0.0174455098581812,0.0130662821655545,0.013724277831636
"2301","2/23/16",-0.000931820442676035,-0.00424075418495684,-0.0003853687023333,-0.0329711233724868,-0.0228418662683334,0.000296615215270357,-0.0026262619994617,-0.0169959004796523,-0.00918562812320667,-0.00892924201236545,-0.0158330787362652
"2302","2/24/16",0.0132882003145958,0.00591016820093015,0.00354678060851144,0.00968617171837116,0.0130630167109469,0.00554021157876794,-0.00118518249643484,0.00965009289918428,0.00175115649751012,0.00425468018977027,-0.000699382169029761
"2303","2/25/16",0.00632708852510744,0.0105409040838806,0.0119852085090077,0.00191860515678366,0.0109714949553068,0.00924840976565644,0.0204324906742734,0.0117482179041586,0.0120308928179815,0.0119621932467051,0.0142322865287274
"2304","2/26/16",0.00377235733565384,0.00102591783055361,-0.0123748038689098,0.00740463530723745,0.0132021587943481,-0.0270033659244731,-0.00516725189032718,-0.00098401596514619,0.00325121404935191,-0.000246393645265242,0.0055209188894374
"2305","2/29/16",0.00569416769299758,-0.00435586296419976,-0.00384355673095671,-0.00887073077445932,-0.00331261876246536,0.00280530848239313,-0.00389563190561748,-0.00571321343471209,-0.00567133398546105,-0.0156826550946618,-0.011667765186782
"2306","3/1/16",0.0110971444969872,0.0251348622122334,0.00918291054509512,0.0208412033629657,0.0230444201599498,-0.00389647068973531,0.0281579133355434,0.0303150389329268,0.020065294460575,0.0216048853991126,0.0333331659515774
"2307","3/2/16",0.0142233442238182,-8.35367924736374e-05,0.00313502431705293,0.0288076237393422,0.00216596042959161,0.00702109237768789,0.00722723400683534,0.00259613033310124,0.00279582271804157,0.00342942204907093,0.0107529852934061
"2308","3/3/16",-0.000552217527444721,0.00744827007630211,0.00594543158615135,0.0203310494437767,0.00713197976341995,0.00557755773610369,0.00528712747350313,0.000383808514921702,0.00786610051082337,-0.00211559264899763,0.00775701212543978
"2309","3/4/16",-0.000883772212777467,8.29261153487693e-05,0.00469803276687442,0.0140793749010926,0.00997852911935992,0.0107964613465592,0.000125196152063412,0.00306765440034451,0.00474219341195825,-0.00146787845839103,0.00307901516229037
"2310","3/7/16",0.00663494862441527,-0.0022426563824125,-0.00535479182153165,0.0267092797552322,0.013279518574826,0.00529135026999938,0.00262912196953935,-0.00544767125340617,0.00393305260056764,0.00922835274683353,0.000657790343887577
"2311","3/8/16",-0.00549256781600338,-0.0101566078013484,0.00295738060011597,-0.0504241473858998,-0.0215976689899485,0.00818811920526108,-0.0102395234228538,-0.0099943791714876,-0.0148872643268899,-0.014322804112803,-0.0162138661658935
"2312","3/9/16",-0.00397669483465424,0.00311202271860878,0.00718220290698168,0.0202749719873887,0.00610797403727048,0.00589760979985843,0.00555108691966333,0.00941564489939428,0.00178962091547885,0.000328402590302534,0.000890788348991478
"2313","3/10/16",-0.00122006502418404,0.000167658627896694,-0.000900633095031966,-0.00248390469361981,0.00607064495258691,0.000672655895026075,-0.00363848395894351,-0.00221167813355649,-0.0014887619872076,-0.000492536850034364,-0.000667407931317143
"2314","3/11/16",0.00843887690465395,0.0165982866012364,0.00473290991134201,0.0267995600888025,0.0188441147607259,0.00230546645477281,0.0224152055785463,0.0174441272448294,0.0154060241148966,0.021676711632834,0.0256066449900332
"2315","3/14/16",-0.0029728442687994,0.00362834801968237,-0.000597840497631008,-0.00831499836087513,-0.00602654317279749,9.59326306331221e-05,0.000123244657936006,0.000378855555455804,0.000587497639268353,-0.00353604501934501,-0.00390802144158453
"2316","3/15/16",-0.00717826495740814,-0.0023828367268347,0.00104728889640504,-0.0047748885051625,-0.00898997763507881,0.00239547338265034,0.000492506265726167,0.00217790968231157,-0.00303278210057412,-0.0191145340870593,-0.00239732580490903
"2317","3/16/16",0.00767509203787275,0.00856515587650342,0.0026905747239272,0.0209454985270348,0.0184596297840229,0.00927251647448712,0.012063194593454,0.0111488088212859,0.00843866817641414,-0.00279549848482774,0.000436916422042355
"2318","3/17/16",0.00827899541427546,0.00457325612463388,0.00782726161731162,0.0160458929133982,0.0227862399826024,0.0108922023215059,0.0141082830453487,0.00551305833245119,0.0210178801310783,-0.0109664727657909,0.0120111386163042
"2319","3/18/16",-0.00186116804813807,0.00154431534561539,-0.00147921674922535,0.000338461012527214,0.00111409708171939,-0.00646475690224912,-0.00431744027779601,0.00334533176781382,0.0081006754820061,0.0138392372321001,0.00863201620227216
"2320","3/21/16",-0.00176465564766204,-0.000301438254384001,0.000550850258016045,-0.00414763048374878,-0.00141175305717745,-0.00145276982164999,-0.00902545228326113,0.00276126898756046,0.00192837206020435,0.00557686323207407,-0.0019094864605077
"2321","3/22/16",-0.00220967679791306,-0.00293377050336474,-0.00699211534506916,-0.00353704193545867,0.00142356774019081,-0.00256727142969426,0,0.0012052565050249,-0.00274946226484596,0.0113217348972348,-0.00193470288302566
"2322","3/23/16",-0.00830480755150798,-0.00850018220462723,-0.000599202705257373,-0.0271384215929302,-0.0142159229652985,0.00543372765057804,-0.00540822536927066,-0.00777848571681017,-0.00798566240319765,-0.00900453445171978,-0.00904582571273671
"2323","3/24/16",0.00792766848760373,0.00131889914735583,-0.000449596648387174,0.00623811167090138,0.0020601468034771,0.00379255145549173,0.000370734601295108,0.00140001533529288,-0.00153315125230424,-0.00106437052321628,-0.0052162876203663
"2324","3/28/16",0.000664663100921059,0.00510413002966881,0.00382413210303278,-0.00467883930073509,0.00380345005225791,-0.00264485753740795,0.00901822208773706,-0.00233000656755089,0.000767869172212388,-0.00237644349836097,0.00349579858254412
"2325","3/29/16",0.0239124730197304,0.0111392986593402,0.00926268500732585,0.00399579998360444,0.00829479331580285,0.0163843674493969,0.0216695051095881,0.0170013915831753,0.00882316849835574,0.0128143233246596,0.00544306042752174
"2326","3/30/16",0.00270308340207426,0.00534636959408763,0.00436667133831459,0.00316055927266734,0.00497665063498198,-0.00279552433027508,-0.00191711933824423,0.00679703602642157,0.00351738130371593,0.00056763192157816,0.00541352502269676
"2327","3/31/16",-0.000215861192178979,-0.000402839131679267,-0.00280025859895738,0.00140011946942353,-0.00778143003209431,0.00476542912924538,0.00612304220949689,-0.000729859740450034,-0.00331561929618129,-0.000567309898370505,-0.00150753865247433
"2328","4/1/16",0.0107851377038282,0.0040302245736219,0.0121195428033465,-0.0158471555036944,0.00845388025151839,0.0045569535096015,-0.0013124610627282,0.00757779598621111,0.00275628796432481,0.013381803001556,0.0064711901548431
"2329","4/4/16",-0.00106677565699687,-0.00891138926643187,-0.00277443339777927,-0.00793265291677603,-0.0106050706409619,-0.00499901182040108,-0.00143397798810474,-0.00525540295944693,-0.0116585559670875,0.0095239065779551,-0.00514387101218194
"2330","4/5/16",-0.00843848727370278,-0.00874835177521138,-0.00658968694601381,-0.00716090307274975,-0.00643130222227528,-0.0184222309402493,-0.0065811701726558,-0.0103845386358122,-0.00642575876585605,-0.0117328789583238,-0.0135715713094338
"2331","4/6/16",0.00183137392536747,0.0104600677088162,0.007591471573271,0.023560510334208,0.00924687011947212,-0.000852850932973048,0.00240876599552187,0.010953583130737,0.00482639944246088,0.0280762887126009,0.00545972534360772
"2332","4/7/16",-0.0146238925213661,-0.0123737791770271,-0.00921662693320457,-0.00657651270472415,-0.0126234249912769,-0.000379537801984853,-0.00624836129167428,-0.014385722327076,-0.0086458010919308,-0.0101436352977753,-0.018245178353498
"2333","4/8/16",0.00251015588080628,-0.000818730503665988,0.00479881578454822,0.0235253134342912,0.00907310336081313,0.00521973304202294,0.00556244186681609,0.000277067762513683,0.00610476124016612,-0.0048084544597633,0.00420353932474593
"2334","4/11/16",-0.00587809336269551,-0.00327813451614645,-0.00698028056802746,-0.00277207852039729,0.00572202587262982,-0.00311575193007074,-0.00204448319571049,-0.00203169819423255,-0.00105933996900465,-0.0069703220157491,0.00352497189357814
"2335","4/12/16",0.00602212427517834,0.00764675158868267,0.00599366640108046,0.0349781491567569,0.011886479688997,0.00653483058163817,0.00722965341617288,0.00462700883350342,0.00771300923427165,0.00781697084991473,0.0131724864559826
"2336","4/13/16",0.00141500897599256,0.0155038526550082,-0.00610494540164619,0.0029093079396787,0.0130523274143026,-0.00526914296922198,-0.00442630825945556,0.0156595687348959,0.0164562012163427,0.0102886891538234,0.0210183202296206
"2337","4/14/16",0.000652081700749818,-0.00112490980542601,-0.00488408985241695,0.00100450720704659,-0.00118947675102743,-0.00170262075052285,-0.00552716527810848,-0.0014512457229221,-0.000470636689323123,0.00219358821155713,0.00127334092676556
"2338","4/15/16",0.00380140218330949,0.00273510812685362,0.00661838119142311,-0.0128193190603706,0.00525897329628777,0.00682207758948561,0.00749130379353424,-0.00499540147808841,0.00169512363766366,-0.000937939463765636,-0.0014835066252441
"2339","4/18/16",0.00605935626071874,0.00778179072197016,0.0032508040181396,0.0165988724125203,0.00493536569734965,0.00367038017062415,0.00479737520273993,0.00511192998046406,0.00272630896984549,0.00970181910744183,0.00658026723840033
"2340","4/19/16",0.00699060417880459,-0.00382120053016299,0.00154604950594606,0.0222150508721999,0.019055009636324,0.002062743632951,0.000477334112043648,-0.00617549037016907,0.00525030320650388,0.00123981337684143,0.00927871258857937
"2341","4/20/16",-0.000854259471126939,0.000959122607152141,-0.0120575202919644,0.00999660784555312,-0.00202407594276555,-0.0197435719409592,-0.0169408184674366,0.00246709933581557,-0.00074616951031381,0.00611409036509647,0.00752213838343541
"2342","4/21/16",-0.019882371192216,-0.0040716420417436,-0.0171914508095256,-0.00559434090251343,-0.0040562195825572,-0.0248185192647206,-0.0178400001449608,-0.000729185354960471,-0.00392004677587177,0.00623074942710367,-0.0101619575522846
"2343","4/22/16",0.0114516238278608,-0.0011221962838478,0.00507338887566711,0.0169859404207195,0.00707911468929834,0.00880948028032469,0.0108737117029261,-0.0149607820478935,0.00365440757408764,0.00382218615484153,0.00921853814287243
"2344","4/25/16",-0.000755020480071589,-0.000160639481830871,0.00595201320772309,-0.013191714152564,-0.00789610649113726,0.0019405763924365,0.00831203286010029,-0.00194507259506127,-0.00784251569549355,-0.00472142916666396,-0.00186834425884619
"2345","4/26/16",-0.000107882749343591,0.00449494285815155,-0.00172273141216717,0.0159551856470528,0.0124235408679056,0.00280848928154454,0.00387908055900499,-0.00176272280908052,0.0100688585300395,-0.005203256467884,0.00644751287879353
"2346","4/27/16",0.00982094237272557,-0.000639402678865753,0.00420143221468239,0.0206917760120562,0.0071901692150218,0.0129405408886274,-0.000603591381104773,-0.00725031208655902,0.00726645142534932,-0.000538327702966579,0.00124009728379226
"2347","4/28/16",-0.00609163693078241,-0.0113535331423881,0.00104615904133154,-0.0151782044324683,-0.00989918536004541,0,-0.00205425442354612,-0.013389773271542,-0.0107287871689037,-0.00708015068711298,-0.0094943821872332
"2348","4/29/16",-0.00494616851516871,0.00234531049888798,-0.000895794795468752,-0.00095014916906111,-0.00547954102494419,0.00514827086411529,-0.00920217641507115,-0.0091106954628325,-0.00579645930135242,-0.0151914507975325,-0.00645969261800139
"2349","5/2/16",0.0151283326692364,0.0138776814646333,0.0103085668176668,-0.00264136434518636,0.0050265771779876,0.00768284244811857,0.0155199321715933,0.00584230836949717,0.00394961661656801,0.00621748138868661,0.0104865009843265
"2350","5/3/16",-0.0113900874817585,-0.00978834318665422,-0.00236611739929304,-0.0276512839983535,-0.0176013468788958,-0.000658779519764896,0.00156450020961585,-0.00904581275629068,-0.00946057320775517,-0.00469292615063288,-0.0124532633974483
"2351","5/4/16",-0.000107732569121555,-0.00570605643597055,0.00244581273169753,-0.014600224215966,-0.00871343916737433,0.0115852491043116,0.0142977724205458,-0.00442016479194018,-0.0118202467106104,-0.0113163799115573,-0.00546448684170842
"2352","5/5/16",-0.016045653008482,-0.0066277832787115,0.000739163548558519,0.00696570595009227,-0.00414811590469222,-0.00381767306617331,0.00284285908856763,9.66219780098587e-05,-0.0018182200779665,0.00317940590618426,-0.000211225664819015
"2353","5/6/16",0.00404933700534182,0.00626526642082603,0.00465435843060824,-0.00120760818809396,0.00833062143211949,-0.00486017164619446,0.0109851265751379,0.00636936278755651,0.0070944145035825,-0.00507095507781907,0.00486141321176281
"2354","5/9/16",-0.00228893211187564,0.00371946559842229,0.00602991919703988,-0.0179200690711859,-0.0143599990318022,0.0050719429603594,0.0109824981441979,0.000958858839309018,-0.00437898359877242,0.0117066726689656,0
"2355","5/10/16",0.0130010987788449,0.0111979376750719,0.00972134843479933,0.0205979654356718,0.0178623944796219,0.00186887269083336,-0.000115570648848706,0.0131252140804059,0.0175925903693501,0.00795033836004322,0.0122002611083523
"2356","5/11/16",-0.00345119750701961,-0.019917041373066,-0.00760076483134609,0.00296138188271255,-0.00245087069521444,0.00214549172966327,-0.0213823562686394,-0.00643032748011108,-0.00770458839224253,-0.0122609775333371,-0.0108063076662032
"2357","5/12/16",0.00194800022142183,0.000650219595528911,0.00554379319587017,0.00262466084451174,0.00147421000569214,0.00558431193907438,0.00578733689377597,-0.00513942388385213,-0.0030300984524223,-0.00679942005102219,0.00126058957507325
"2358","5/13/16",-0.0037804499399533,-0.0105605220461727,-0.0125498603067031,-0.0139614401840246,-0.00873412624769687,-0.00416505184346583,-0.00892446856296658,-0.00239159257391186,-0.0117770824286133,-0.00111455542964012,-0.0113303771867956
"2359","5/16/16",0.00769826121729733,0.00541859894064234,0.00521598447238092,0.0185838332443884,0.0149491316916923,0.00167309931488924,0.00947865954541882,0.0129458764666917,0.0110523652970573,0.0151418480797192,0.00594232517008586
"2360","5/17/16",-0.0157091552726096,-0.0114321806085981,-0.0191479342622433,0.00553879396554446,-0.00614518178667933,-0.0175375459808481,-0.0185446872619337,-0.0103188827946907,-0.00465771776012336,-0.0111477313996994,-0.00843872634396814
"2361","5/18/16",-0.00612152365214913,-0.00553445629404037,-0.00961193779962111,-0.012528373537177,-0.0151144283825689,-0.0175670507598028,-0.0156660647874833,0.00564366630704116,-0.00276953006224034,0.00468418882928723,0.016170050343062
"2362","5/19/16",-0.00868899716260585,-0.000664424135754182,0.00752341961471914,-0.000765664745485561,0.00169415009872065,0.0093251999475561,-0.0111771667228658,-0.00542192860533675,-0.00842740058382352,-0.00774413093596737,-0.00900320178425507
"2363","5/20/16",0.0087651575920531,0.00764681446135418,-0.00365897795205972,0.00645803799363143,0.00736170078612064,0.00257159949567565,0.00798633252656566,0.0127201079732573,0.00695357470525981,0.00971576363436677,0.0076060341671893
"2364","5/23/16",-0.00318966890186467,-0.00511409735907653,0.000374897360028159,-0.00250136796237599,0.00957925847333896,-0.00912032092506887,0.000121784596974095,-0.000188857924693808,-0.00230174755481061,-0.00339155419883463,-0.00167731773955848
"2365","5/24/16",0.00794428649146517,0.0136804112225763,0.00921492435153182,0.00359814456044871,0.00762997526307863,0.0116970639837504,0.012431573614339,0.0212524437589257,0.0123053464344554,0.015669500937721,0.016382928255241
"2366","5/25/16",0.00240850387025571,0.004989404144776,0.00126197351006119,0.0200976516113145,0.0120376552994155,-0.00331682163693925,0,0.00693670957328152,0.00740730579071425,0.00677893875246149,0.00909280499241771
"2367","5/26/16",0.00262080048944813,0.00113930727545042,0.0037809167735976,-0.00575101943746836,-0.00776988747856056,0.0104593190957563,0.00192599835023799,0.00275557495774881,-0.00207383131524974,-0.00193470138285745,-0.00430069820655354
"2368","5/27/16",0.00283206891755183,0.00617829972920614,0.0011080993534851,0.000535580864331031,0.00135346175992046,0.00282289705656136,0.00540666208887797,0.00586245814437136,0.00358957250433489,0.005738091382262,0.00699322676736469
"2369","5/31/16",0.0034755619595368,-0.000242401112905077,-0.00398418638895026,-0.00406791001009399,-0.00395827336798449,0.00544251834995424,-0.000119615747147472,0.00163901632819008,0.00169425632644371,0.00292976568669356,-0.00142989657057657
"2370","6/1/16",-0.0103906553928631,0.00024245988545113,0.008148153631788,0.00300964605980236,0.00310169075378686,0.00429307787471589,0.000836838265598328,-0.000545369398625484,-0.000187833145667171,0.00422826825108147,0.00265903350659413
"2371","6/2/16",0.00831231277977995,0.00670603822888305,0.00205730770466928,-0.00225045854134931,0.00396178692255789,-0.000464656598459068,0.00513478249406929,0,0.001597655214715,0.0134730887313492,0.00163204703804998
"2372","6/3/16",-0.00715913056622186,-0.00497584540497664,0.00535275956371928,-0.00257785044506453,0.00760334802693308,0.015897914442687,0.00403969838995,-0.00345681489287342,-0.000187638071932117,-0.0051360795236538,-0.011812548637918
"2373","6/6/16",0.00218514749275123,0.00120976773615,0.00080215087201152,0.0236916337664463,0.0103161553416704,-0.00054905485000023,-0.00769158044340756,0.00374251012629911,0.00882212002858918,0.00652942412310198,0.00577071095705373
"2374","6/7/16",0.014389883912596,0.00233624161167278,0.000145875294830899,0.0224068123682737,0.00217450648777651,-0.000366331721991742,0.0060817364491621,0.00200094972723153,0.00465150901562095,-0.0052048561371556,-0.00266402427745072
"2375","6/8/16",0.0011824262422544,0.00152720069601053,0.00480899894521425,-0.00123477344996614,0.00754728398008542,0.00659538927410597,0.00640033107177773,0.00326725020776841,0.00666740802718735,0.00492860798261319,0.00246568636763977
"2376","6/9/16",-0.00118102976167145,-0.00264827044643534,0.00449614863983183,-0.00587209760075358,-0.0073034861211867,0.00873598308870527,0.00223769612778413,-0.000814274402325732,-0.00091988667608045,-0.00392370336119796,-0.00573884203458752
"2377","6/10/16",-0.0032239095351666,-0.0121501137728837,7.20466500772066e-05,-0.0234196445742889,-0.00613079558792384,-0.00387925182265925,-0.00470061283767076,-0.0120414887654401,-0.0123378230935022,-0.0105295741970048,-0.0123684807740508
"2378","6/13/16",-0.00409723007327523,-0.00724928502596789,-0.00830113632450524,-0.00509317258714714,-0.0130967063312069,-0.0016301393067919,0.000236229460770288,-0.00907275087539394,-0.0115596225880799,-0.00757892298033624,-0.00772299968480572
"2379","6/14/16",0.00682058745489122,-0.00278950334863837,0.00211084608262357,-0.000853342828980863,-0.00730844534133945,0.00426346699124047,-0.00259671301679754,0.00101736864128421,-0.00028281592468915,0.000308385028357172,-0.014303769016604
"2380","6/15/16",0.00129046791488419,0.00386692954240009,-0.002106399796864,-0.00224156982353496,0.00494050213099273,-0.00650348658398936,0.00946734677245553,-0.00175521205452955,0.000754677831912742,-0.00539814996034849,0.00192075607744235
"2381","6/16/16",0.010201589915303,0.00303250567554803,0.00684223594575761,-0.00545643609455271,0.00144585959931831,0.00627348355670909,0.00562736920332751,0.00185094980709066,0.00122538564331087,0.00333391793399862,0.00255583496492351
"2382","6/17/16",0.00244503563031895,-0.00163411823948634,-0.00419323673035488,0.0114027252811002,0.00481263802383536,0.00289101368887468,-0.00163220172254619,-0.00914566809369299,0.00103575090639252,-0.0123646324672574,-0.00127453575954095
"2383","6/20/16",0.00827163200182235,0.00924861558835532,0.00268603220004149,0.00904062424754004,0.00795112583403657,-0.00360337952698764,0.00140112715421226,0.00736550039407247,0.0108163901527636,0.00782466868148757,0.00659417426147435
"2384","6/21/16",0.00765181121494263,-0.00174933978220859,0.00351661207936238,0.0106439015638096,-0.00418940305692617,0.00213174098583191,0.00381209742707522,0.0051067137604055,-0.00229929018654518,-0.00374690240473108,0.00389068890334054
"2385","6/22/16",-0.00336090160913316,-0.00301579092426685,-7.23655287595548e-05,-0.00597921432802118,-9.58905515457964e-05,-0.00500005462141895,-0.00152386747603839,-0.00443442354011392,-0.00281070830126706,0.00281488804761576,-0.00105904428597126
"2386","6/23/16",0.0188636256398163,0.010709601175779,0.00696559860743484,0.0177291369061543,0.0172511468032448,0.00429429676798176,0.00504775622364817,0.0154961831468345,0.0126833050160038,0.0133333919366263,0.019928030022186
"2387","6/24/16",-0.0211004209367507,-0.036398937893239,-0.0202479851861961,-0.0376399896455832,-0.0458826698981892,-0.000454939950083277,-0.00887645852633279,-0.0434027199265633,-0.0422116346135349,-0.0293167450505349,-0.0490543332522845
"2388","6/27/16",-0.0108833851898289,-0.020649601961905,-0.00353018650067949,-0.0313544406272244,-0.0344624131400935,0.0121051844989473,0.000706947546044168,-0.0262681533047352,-0.0252809128807092,-0.0161713054088688,-0.0271039375478626
"2389","6/28/16",0.0128192304751504,0.0178279511296888,0.00686388227315216,0.0290322306201249,0.00981804006701115,0.00467620278752956,0.0210786465732005,0.0205023133712701,0.015999251855437,0.0216744524334476,0.0240396254402993
"2390","6/29/16",0.0197234871667553,0.0182737508097086,0.0114354031461046,0.0203222686652775,0.0184322377315476,0.00358046079576591,0.012109518714716,0.0166299288828298,0.0184858298455426,0.018769632186002,0.022597526968666
"2391","6/30/16",0.0177908781346305,0.00876613590894548,0.0234091397058802,0.00773361356790692,0.0185958590964237,0.0212272032055583,0.0103690266100918,0.012575511659664,0.0205511538896859,0.0101408474742617,0.01609121779019
"2392","7/1/16",0.0041665703806153,0.00868983093964326,-0.00311585727392483,0.00756942578399089,0.00312413778505571,-0.000960697810863942,0.000338145497626341,0.000653644493721739,0.00414052021702704,0.00628390886791075,-0.00443415208264319
"2393","7/5/16",-0.00333983348097022,-0.0102404480462644,0.00390728686771702,-0.0235809004871003,-0.019464781166326,0.00585715084915761,0.0110487793798399,-0.0081185826622977,-0.0104020834308269,-0.00144682397202467,-0.0137859596747489
"2394","7/6/16",0.00456955301845019,0.00862211772623378,0.000990489765621216,0.00566360984870684,0.00555829494508053,0.00312883058485247,-0.00434882692593885,0.00545668254275644,0.00549238013388043,0.0115924511041545,0.00365594739008168
"2395","7/7/16",-0.00646921250003296,0.00455907494137597,-0.000282717047549674,-0.010944562970105,0.00365222501476303,-0.0181077159426348,-0.0103033143465148,0.00318142446383263,0.00263722223736917,0,0.000642883507679048
"2396","7/8/16",0.0178044513321647,0.0179918414600728,0.0106773664345416,0.0141812992468204,0.0260621576237605,0.00926502252390082,0.0161818115347723,0.01809524628133,0.0198195199753219,0.010705777435156,0.0177729023401092
"2397","7/11/16",0.00389840845101563,0.00732412483500067,-0.000279809371886874,0.000529526873711994,0.00546347518467782,-0.00026232414917382,0.00668127978579891,0.00613843199990383,0.00681583763918647,-0.000671246302500816,0.00694314342881253
"2398","7/12/16",0.00358461489422934,0.00545326886647857,-0.00426913976554666,0.0271044910599789,0.0174451553272081,-0.0120681760132042,-0.000110499815419218,0.00992540231383154,0.0100632394732456,0.0051500931509787,0.0121187119878681
"2399","7/13/16",0.00694524123699236,-0.00432309634271077,0.00435754565351543,-0.00999913329315427,0.0038414107493685,0.00761259213514087,0.00553156247484954,-0.000721455358042578,0.00153966947191875,-0.000816662271853508,0.000206435127124927
"2400","7/14/16",-0.000492698228899302,0.00442080908474374,0.000700015876369919,0.00416510295566241,0.0070001574967018,-0.00702811583188023,-0.00891183806946039,0.00721830818524971,0.00687283995980059,0.00289840951633424,0.00639825515541315
"2401","7/15/16",0.00197143333811556,-0.00495163876122084,0.000349414089674038,-0.000829755795120124,0.00481981917875518,0.00283108401765642,0.000333040684396879,-0.00170218064287386,0.000718558298306249,0.000444774894539757,0
"2402","7/18/16",-0.0049193710472395,0.00434439076862114,-0.00146793593365413,0.000934191611412727,0.00479656423215591,0.00229389746116238,0.00266333815420072,0.00699949972650193,-0.00125648925205224,0.000296189247022793,0.00287125479740413
"2403","7/19/16",-0.00652544319489234,-0.0029098846898501,-0.00147009393737063,-0.00694667281009542,-0.0082621212113464,-0.00193658194152713,0.00487000835489781,-0.00151491302665385,-0.0004493080185487,-0.00281407575204329,0.000817908182095151
"2404","7/20/16",-0.000895691579784419,0.00583675365981318,-0.00259430892794754,-0.000835214137610119,0.00222146022923386,-0.00440940721710947,0.000110211767220036,0.0135653138198495,0.00323653990086514,0.0100996080369284,0.00102188890910782
"2405","7/21/16",-0.00876573060535335,-0.00172520626134043,-0.00316319816833799,-0.0101358388253706,-0.00581875233297713,0.00469479043089294,0.00198219983749737,-0.00589946805044783,-0.00896142238713182,0.0029408385427161,-0.00306212836015562
"2406","7/22/16",0.0175860895582383,0.00408503416056161,0.00465423449557156,0.00232234002979181,0.0012077924134628,0.0125197861783786,0.00879324006152271,0.00566876756108536,0.00162759718514094,0.00205243084687723,0.00634742357357831
"2407","7/25/16",0.00088894188645261,0.00117340968933033,-0.00084225143819161,-0.0206423771944692,-0.00259815136361008,-0.0021768282663942,-0.00185220862000834,-0.000264276684632025,-0.00586799225519885,-0.00160952919087431,-0.00203463780262469
"2408","7/26/16",-0.00670967578360659,-0.000312618736794334,-0.00667375185239683,0.00612959329155349,0.00893114643015736,-0.00663238131653732,-0.00491215264428513,0.00458119070348406,0.00880857158198389,-0.000292862898861324,0.000815471419110647
"2409","7/27/16",0.000794902072235537,-0.00336106760638499,-0.0137907757313628,-0.0107950948578746,0.000645373029477758,-0.0115961228859944,-0.00778860355408029,0.007629667948434,-0.00423089311351088,0.00447074176745699,-0.000407403483658308
"2410","7/28/16",-0.00803973822313686,0.00180378299489226,0.00451784933008281,-0.00194494827332403,0.000552886515031048,0.00266615216089416,0.00928688177728243,0.00243691310972571,0.000180903779557706,-0.000364721387353106,0.00285302966317391
"2411","7/29/16",0.0111065904675054,0.00109613621044602,0.00449741523610658,0.00995998493507022,-0.00469695786204483,0.00593925347746183,0.0127068852165775,0.000173610038219252,-0.00262123948218795,0.00408749096267824,0
"2412","8/1/16",-0.00692729602538233,0.000860209479329077,0.00156346073476432,-0.0340873960240781,-0.0050892880838368,-0.000793127334899779,0.00216337386961563,0.00442702288271146,-0.00190289509346631,0.00596099531360328,-0.00304803237914575
"2413","8/2/16",-0.0155456134443693,-0.0154712331053747,-0.00290926217342069,0.00787922541214847,-0.00474327299325406,-0.00546785570752473,-0.0159742739032078,-0.00933373385379566,-0.00880711486289676,-0.004769401773837,-0.00896882914529784
"2414","8/3/16",0.00131594109170274,0.00349216824368748,-0.00498146257565801,0.0202599294347765,0.00448549549119903,-0.00478840569197403,-0.00581339628943922,0.00383853123491806,0.00393891156799553,-0.00123454039401838,0.00904999702235676
"2415","8/4/16",-0.00151640902829886,-0.000790983482639729,0.00257476675308665,0.000863255467598467,0.00353533427215336,-0.00106924241097339,-0.00408207962992102,0.0057355689017653,0.00164245241304384,-0.00138124888751601,-0.00203847768428755
"2416","8/5/16",-0.00475838822522068,0.00894416622634275,0.00313875153346466,0.00992041297269775,0.0035226653725593,-0.012666079497354,0.000664867249982715,0.0117514858763581,0.0109309145950816,0.00269362708462784,0.0169527408996797
"2417","8/8/16",-0.00376409512019293,-0.00125526596650849,-0.00142214403862551,0.0142002295329355,0.0027713664431499,-0.00126475550557137,0.00177116771264507,0.000170778091577839,0.000450456321283044,-0.00827698730767779,0.00100404118745123
"2418","8/9/16",0.00285922511114434,-0.00219926036068241,0.00256364252524532,-0.00610596110693284,-0.00331637311931254,-0.00162823698838566,0.00541497295191196,0.00170766574398784,-0.000180160057021594,0.00241594826867764,0.00120400890489902
"2419","8/10/16",-0.00417462037175609,0.00102340051954686,0.00369376843150393,-0.0118630098545518,0.000554504866583372,0.00108719236010035,-0.00109902153485486,-0.00272769541335149,-0.000990845958795505,-0.00525847991516659,-0.00621243977135055
"2420","8/11/16",-0.000204512883663632,0.0108524279903333,-0.000495485992792366,0.0142564449736893,0.00434181454726112,0.00253423812388265,-0.0113336715133656,0.00376115972567836,0.00622186535896407,0.00506589404682534,-0.000201477834281816
"2421","8/12/16",-0.00787490792655676,-0.000466763916146085,0.00262002646617598,0.00549587649707628,-0.0113135065121894,0.00018050659541391,0.00422933513609025,-0.000766566567128479,-0.00331580648386687,-0.00087618559031577,-0.0016136994269299
"2422","8/15/16",-0.000824635243379168,0.00381390348588706,-0.00120065123288915,0.00914433000647485,0.0106986620185257,-0.0140806020651915,-0.000997561231827593,0.00570998654417698,0.00701329484596958,0.0027051317351876,0.00585859091318008
"2423","8/16/16",-0.0176415630950906,-0.00573776192178832,-0.00558582141941033,0.00249954989648771,-0.00524664929211516,-0.0121761097188031,-0.0119813473466378,-0.00516923634284139,-0.00517866963590696,-0.00955236365687739,-0.00341445557651221
"2424","8/17/16",-0.00136535798830895,-0.00265155146480889,0.00255963237597356,0.00238978911613064,-0.000925353396472706,0.0130675071040738,0.00404224743757209,-0.0012776737539727,0.00323095485405411,0.000736239919984394,0.00282149112781194
"2425","8/18/16",-0.000315517783195274,7.81893704682179e-05,0.00333317051203164,0.0199006109872359,0.00722430343407954,0.0126246786000903,-0.00369048724858712,0.00162067157081536,0.00313121003526851,0.00102997604431287,0.000200958972744081
"2426","8/19/16",-0.00820543612422464,-0.000312797938779141,-0.00240292576907108,-0.00813023928541146,0.000919499587811679,-0.0114735276549783,-0.00639806468560045,0.00221373605563113,0.000980939553727689,-0.00146988259523739,-0.00140645135275164
"2427","8/22/16",0.00127298322399416,-0.0011730995763326,0.000921035816489502,-0.0109631084418318,-0.00027557618977303,0.00310738076062034,0.00542273784085268,-0.000424829101322688,-0.000979978254296299,0.00419520474213075,0.00120723066760786
"2428","8/23/16",0.0030719159996313,0.00587266305106171,-0.00169893188818837,0.00549061714236299,0.00698403775856948,-0.00391784246363602,0.000561735710290945,0.00467502720664181,0.00276457587481693,0.00131907478126125,0.00180865193725865
"2429","8/24/16",-0.000844839719678525,-0.00576059842960563,-0.00170205910922427,-0.00432751775391393,-0.0130499199778016,-0.000457245241753279,-0.00437949219201672,-0.00549919712987479,-0.00346841734383363,-0.0176400461941232,-0.00140425772600228
"2430","8/25/16",0.00560193173581824,-0.00313183544218643,-0.00348076361164384,-0.00206919171684361,0.00610271385383765,0.000823619870409464,0.00451142491782774,0.0020417570166249,-0.00017852003413743,-0.00782357550604817,0.00301330077836659
"2431","8/26/16",-0.0076728740886931,-0.00290606453762576,-0.00427659084702403,-0.00248875210649624,-0.004779221038123,-0.0193837968727641,-0.00988083084949587,0.000933855383483007,-0.00330277432518244,0.00473130386537335,0
"2432","8/29/16",0.00985052539711706,0.00275693231372109,0.00536899217526621,0.00644495023592007,0.0100657793248911,0.00773898723642241,0.00986615425704995,0.00271404478614645,0.00582129617449767,0.00246639281235317,0.0092129345449854
"2433","8/30/16",-0.00209766004022105,-0.00439898851151899,-0.00505554963950361,-0.00423472360214161,-0.00274265867324286,-0.00980768823161215,-0.00190918180526733,-0.00186090887009083,-0.00124660708150559,-0.0031316281319953,0.00754125932964667
"2434","8/31/16",-0.00105107458678422,-0.0025248693262524,0.00178903916765316,-0.0140026591961435,-0.0079758311079543,0.00280339293482723,0.0010126116501763,-0.000932193531592795,-0.00490318331678197,-0.00388919366529039,0.000590883453704061
"2435","9/1/16",-0.0042087220279029,0.00253126042806406,-0.000642896559264639,-0.00336616087581554,0.00267983332284416,-0.00437953627638266,-0.00247273511044144,0.00373231465069357,0.000537482127453748,-0.00157692443069968,-0.00472450437096383
"2436","9/2/16",0.00845311204334043,0.00228817280594917,0.00779171976594828,0.0106606503502766,0.00949308480617073,0.0140385083641272,0.00867615368217733,0.0042253929863949,0.00483528608722716,0.00142900464278006,0.00573576496528783
"2437","9/6/16",0.00366715182301847,0.00244026392173935,0.00212806208119387,0.0156657895398349,9.13556143609107e-05,0.0101521727945544,0.00770782775971846,0.00429185720968772,-0.00285170351696218,0.00563226725136001,-0.00589978780646694
"2438","9/7/16",0.0054286969557571,0.00149206362969689,-0.00863523983096592,0.00380471026834761,-0.000365254756989897,0.00082233062266357,0.00598589265343596,0.00234631836330812,0.0020555873033965,0.00029895034977101,0.00118707714416733
"2439","9/8/16",-0.000934551612914225,-0.00799808228884324,-0.0045693856198139,0.017926695023132,-0.00602740832009419,0.00374287869622814,-0.0122313060531615,-0.00844333798777497,-0.000802696767361333,0.00141837048139104,0.000790272885215604
"2440","9/9/16",-0.0332571439341273,-0.0242668510199182,-0.0275426340850616,-0.0297878411305862,-0.0309627457716304,-0.0362892211620052,-0.0396029210693785,-0.0235225869655412,-0.0298107370450643,-0.0212466117773582,-0.013820238713479
"2441","9/12/16",0.0261234300195927,0.0148250701361896,0.0177753799042191,0.00892024846459871,0.0106192484489116,0.0154775542811725,0.011847950639684,0.0158868107659238,0.0132474829028733,0.0160712656670698,0.00980984977896004
"2442","9/13/16",-0.023048800024379,-0.0145287397090579,-0.0123922631252198,-0.0299165338595331,-0.0211090475263982,-0.0136618023312687,-0.0251062753414443,-0.00705424705015023,-0.0167968963840677,-0.0136430236063761,-0.0158603984023916
"2443","9/14/16",-0.00128688134531585,0.000162129172389447,-0.00359558105094782,-0.0126114740818505,-0.00143749903934054,0.00292114751418726,0.00320159751591409,0.00504995234082117,-0.00249324942586227,0,-0.00503635231567723
"2444","9/15/16",0.0113820062360139,0.00818008991562502,0.00846889008389917,0.0114844697400067,0.00691030363862533,0.00807968971012696,0.0037820502204664,0.0165220174981437,0.00897989552928014,0.0113996701928023,0.00850363419067035
"2445","9/16/16",-0.00127402692801881,-0.00329368302677568,-0.00394330914678431,-0.00795845198812162,-0.00352674811206066,0.00885351534362888,0.000470829724847466,-0.00368641768188427,-0.00706487480505791,0.00195377392594431,-0.0108410616345544
"2446","9/19/16",-0.00127565214320002,0.000403042311613921,-0.0006597702302783,-0.000534600255244544,0.00411325628761472,0.00997684394760734,0.0090621643340576,-0.00109312322970478,0.00443536490947927,-0.00314964272432983,0.00568298228938202
"2447","9/20/16",-0.0100815656283501,-0.000129424562176683,0.00172716335473866,-0.00870453451356001,-0.0026327034785536,-0.00157719182676408,-0.00151626396996041,-0.000228115482858726,-0.00167389012420471,0.0035342213582612,0.000426255074755133
"2448","9/21/16",0.0119303364963956,0.0086547239382162,0.00611667962066886,0.0228211488181529,0.016413911950041,0.0214338938696219,0.0128489705052561,0.0113214415222753,0.0138952836692519,0.00985751481906405,0.00649359085623136
"2449","9/22/16",0.0162917571176586,0.0082598596155552,0.0090090905131357,0.00393123660387484,0.00424959916741896,0.00687391682781779,0.0178756216514826,0.00685038593587284,0.00849699246045077,0.00760068867552577,0.00483867706827934
"2450","9/23/16",0.00316377095964149,-0.00103385685512669,-0.00493614584826574,-0.0156630179038614,-0.00451373933931998,-0.00215588501483388,0.00305900652381985,-0.00896112210045596,-0.00688521531367492,-0.00340187313093965,-0.00702245109245403
"2451","9/26/16",-0.00588731300537393,-0.0109872700626396,-0.00831634789126656,-0.00365567931285993,-0.00472331149845695,-0.00207059097776985,0.00237206294089587,-0.00636304993255576,-0.00474356938862042,-0.0115018770260361,-0.0155588004894022
"2452","9/27/16",0.00750841960746107,0.00813063421476801,0.00419322915688314,-0.00647442193827641,0.00322704992253997,-0.0119981907791791,-0.0105925128902337,0.0113751694442783,0.00705769992358851,0.00773209201851022,0.00738924265913887
"2453","9/28/16",-0.00220414668975777,0.00215601819628275,0.00131829867334932,0.0456173301263543,0.01352900681806,-0.00219131762667812,0.00820027103263143,0.00316585629306099,0.00764539624197824,-0.00201116744401453,0.0059087182074351
"2454","9/29/16",-0.00399740258818826,-0.00709151290367005,-0.0082666153950276,0.000934804410064105,-0.00858792031931266,-0.0136347013883665,-0.0133304390393685,-0.00589649502375322,-0.00776819862329592,-0.018885026162316,-0.0137736029545027
"2455","9/30/16",-0.00306295773523957,0.00906819615852172,0.00973714091259592,0.0138026021216373,0.0066849161440623,-0.00770019987034409,-0.0068695370974502,0.00559731627732596,0.00955857478357602,0.0110318854307501,0.0137606549318343
"2456","10/3/16",-0.000423876158710423,7.96008107311064e-05,-0.00547916863916753,-0.00174036187424853,-0.00280572880426921,-0.0123410517093085,-0.0186764068008923,-0.0029077599832571,-0.000721307573071872,-0.00240829584653457,-0.0048623735322959
"2457","10/4/16",-0.0100687950856777,-0.00310132365973559,-0.00852120675743728,-0.00943383072197745,-0.0155694336111537,-0.0216774458541439,-0.0136278025539391,-0.00208307860811463,-0.00658739687565302,-0.00165937304761044,0.00427546659319722
"2458","10/5/16",-0.00438970780938397,0.00390861753534688,-0.000592873274420258,0.0158384405802035,0.00724092883906913,-0.00222530240664942,-0.0202478722210787,0.00517666874855194,0.00554088106720418,0.00521334999338974,0.0145953320266139
"2459","10/6/16",-0.00290371446868165,0.000158988538819571,0.00155699021145561,0.00203811886864913,0.007378013450277,-9.69689752643443e-05,0.000364693128277693,0.00149526565913916,0.000903504240602482,-0.00616364682331716,-0.000599213445729219
"2460","10/7/16",-0.00388248484358134,-0.00548178928164622,-0.00207253861465506,-0.00579671938022597,-0.0165258621845169,-0.00184278881284905,-0.00170131717455102,-0.00323461061365438,-0.0126353872664295,0.000378496838639553,0.00139926835830351
"2461","10/10/16",0.00941960805335484,0.00199709737134901,0.000519044593062956,0.0170826509262552,0.00582392494471407,0.00932760697822888,0.00620841265786898,0.00640687486554103,0.00109678670341107,0.00612354340502352,0.00539041341306823
"2462","10/11/16",-0.00547046116965444,-0.0116400141499277,-0.00593078691839444,-0.0116665245855613,-0.0146179000628524,-0.0124182429936792,-0.00967834019163816,-0.0132285543589167,-0.0115960567981913,-0.0253229711536511,-0.0107229420577318
"2463","10/12/16",0.00517693603154767,0.00395250117324264,0.00514595026678633,-0.00508802690962495,-0.000289149685746337,0.00926037420944392,0.0114828644954617,0.000335133571720991,0.00230960262471469,-0.00678425872394139,0.00160587538675383
"2464","10/13/16",-0.00493558312359998,-0.00498147972720675,-0.000593772378101209,-0.00552314783444074,-0.0059739044675915,0.0120723824024078,0.00785009348833432,-0.00644939923271515,-0.00239641682268765,0.000775978122937948,-0.0106212291953723
"2465","10/14/16",-0.000323360583957988,-0.00113058244333186,0.00111363227956041,-0.00524536748318549,0.00281107595759589,-0.00419874340167403,-0.00443351882138576,0.00370933834434251,0.00194022182925213,-0.00899701080004733,0.0042536676111502
"2466","10/17/16",-0.000647393727069012,-0.00703301073239482,-0.00422664120415939,-0.00537628705428628,0.00202999952435934,0.00479158995189732,0.00216646696309697,-0.00260379513598141,-0.00165977454529964,-0.00219147282086329,-0.00403392071063691
"2467","10/18/16",0.00518076618442875,0.00512893738976383,0.00357442207107406,0.00353427828345509,0.0104185994031216,0.00858366606764616,0.00636567294878621,0.00631587904095698,0.00249354038610083,0.0109028175152435,0.00668271112634633
"2468","10/19/16",0.00375831835189611,0.00558893110530811,-0.00541693145601163,0.0143982176267359,0.00801990096465977,-0.00198582764217015,0.00214840392564475,0.00100419894112047,0.00276425133427671,-0.00403470377799242,0.00925372632199517
"2469","10/20/16",-0.0126229944204808,-0.00257748354870369,-0.00171616657323093,-0.0009191338942246,-0.00113652540809184,-0.000947362784583294,-0.00226295820127276,-0.00250795302181273,-0.00441023759910963,0.00490810098112204,-0.00179369563604159
"2470","10/21/16",-0.0114842862100472,0.00629896195111979,0.00508241401364407,-0.00623455843732779,-0.00113811606522896,-0.00493189072632449,-0.0037000892479937,0.00511238865315899,-0.00166123032373289,-0.00728739712026638,0.000798570114658892
"2471","10/24/16",0.00558959853880769,0.00714216163506509,0.00676659813021163,-0.00359967845629006,0.00275306066609726,0.00305003075872956,0.00227631249713633,0.0115066065684954,0.00425225034618726,-0.00187428852256388,0.00419001541027009
"2472","10/25/16",-0.00915537367350672,-0.0113146512268785,0.00302843170617417,-0.00763839081843087,-0.0107922432896697,0.00532120268312686,-0.00179305818435116,-0.00370958067361082,-0.00589104022457987,-0.00383382837691193,-0.00278171604960442
"2473","10/26/16",-0.00472985054723674,-0.00386853137002152,-0.00125190813960452,0.00145620064205088,-0.00239266513320324,0.00198481733913058,-0.0130523590218934,-0.00504717885007888,0.00287048010696456,-0.009503582127382,0.0051803323620172
"2474","10/27/16",0.0146992854219268,-0.00922328531500394,-0.0053086205365297,-0.00342759808635484,-0.00191870290282181,-0.00433916507023058,-0.026207068676207,-0.00498955940627699,-0.00674005468791683,0.00245814366260544,0.00079279659653686
"2475","10/28/16",-0.00566377886396541,-0.00138812478309491,0.00496646708288373,-0.00719119829238091,0.000672956608240849,0.00265263316655884,0.00236724160420865,0.000501435622241919,0.00585622964383292,-0.0195380201187859,-0.00415931043272311
"2476","10/31/16",-0.00339588106630606,0.00310729170307811,0.00169623978964428,-0.0124919935359518,0.00172896461790772,0.0197486883978903,0.0162834928338254,8.37270994018535e-05,0.00240276196389333,-0.00484069817041211,0
"2477","11/1/16",-0.0148384329199056,-0.00970076991052027,-0.00427070147301745,0.000744122030354344,-0.0063286752381233,-0.0180688953365034,-0.0217709816285444,-0.00810242770716496,-0.00894271481352482,-0.00462103985826345,-0.00477315499305431
"2478","11/2/16",-0.0249915911495722,-0.00543304345777806,-0.00184872932533575,-0.0116848158738287,-0.00569313126347004,-0.0138719243083434,-0.0146289357105651,-0.0077473304351835,-0.00409300617355912,-0.00651571261165995,-0.00819348997844027
"2479","11/3/16",0.00171647157565191,-0.0039727849811394,-0.00740863752983412,0.00354704062174838,0.000873220804744612,0.00440193790088506,-0.00774012249641121,-0.00763808744592953,-0.00242849374885179,-0.0116412485245319,0.00161187534763085
"2480","11/4/16",0.0053689906054748,-0.000415519974282241,-0.00985197304770191,-0.00503390497934531,0.00533313809246794,-0.0035251724921368,0.00792855203478005,-0.00282226508155992,0.0019663038068285,0.00804579234883929,-0.00382210653129123
"2481","11/7/16",0.0107942940021597,0.0215312749288321,0.0175638945557983,0.0215284626345089,0.0147569245422139,0.0183575006213723,0.0175080731707105,0.0229846009473875,0.0238295196308562,0.0258372606534969,0.0250404964289166
"2482","11/8/16",0.0115781814634697,0.00512697676157536,0.00496309575362464,0.00200213395090376,0.00370692902343972,0.00769869272653523,0.0052368482229268,0.00494643386708837,0.00584157188343815,0.00320849199727102,0.000393812261229254
"2483","11/9/16",0.0164462030970909,0.00364341291341197,-0.0123841052609556,0.0199811649063664,0.0259469498544627,-0.0326095048207014,-0.0151327126959845,-0.00141826546021695,0.0259528924393673,0.0351802616147487,0.0403703056447047
"2484","11/10/16",-0.0200065438547757,0.004114240996971,-0.0259738503091745,0.00278370515148008,0.0101533217867082,-0.0235000866659089,-0.0167504166777698,-0.0137845145609795,0.0220236891882266,0.0126669563690562,0.0357753219905126
"2485","11/11/16",0.00390455872428852,0.00771275389030257,-0.00114935057907928,-0.015422503870884,-0.0080409551755839,-0.00197258850811832,0.00602010656791951,0.00609900923435158,0.00501943565099783,-0.0115932631487939,0.00676149182838626
"2486","11/14/16",-0.000889035559083262,0.00247138289548166,-0.000843819852403005,0.00543019550474577,0.00718499951375384,0.000197647659919475,0.0236825015666617,-0.0138922536675239,0.00542493282617618,-0.00108034760067099,0.0219640229016136
"2487","11/15/16",0.00912028713733815,0.0023064750096411,0.00737084504230578,0.0284585779461297,0.00484728656159783,0.0160064145788248,-0.00833364519357505,0.0134050787385032,0.0049674188349873,0.00316735073858943,0.00142119175412869
"2488","11/16/16",0.00661296959502944,0.00507812703783506,0.000762435569170217,-0.00717033619361507,-0.00163832254785345,-0.00622389585183281,-0.00288462811592827,0.00867817260274695,-0.00477247564942274,-0.00515945390802841,-0.0127706220271234
"2489","11/17/16",0.00372275856760296,0.0119206436252279,-0.00159969097202062,-0.00559433618574334,0.00036464369850564,-9.79468672378525e-05,-0.0101886892138209,0.00793499612754811,0.00316837608198894,0.00526362887088028,0.0120373317682165
"2490","11/18/16",0.00610888189750791,-0.00218435496875169,-0.00312758304631866,0.00490994971091729,-0.00164041288704109,-0.00185946595642439,0.00292298038984895,-0.00232039246634419,-0.000341341416376095,-0.0097020124992474,0.00213032663507851
"2491","11/21/16",0.0103004111431102,0.00578586397287384,0.007040195182346,0.0241245157355547,0.0123231067260481,0.011373645541791,-0.00304113269285433,0.00980145899813567,0.00529417337115534,0.00326562603210556,0.00265709434798289
"2492","11/22/16",0.0149173001173379,0.0131372770660658,0.00440726805841507,-0.000298263071228821,0.00928761447272497,0.00455657408084553,0.0175393264423551,0.00131618176847015,0.00603072019166162,-0.0142603134406087,0.00229700379604614
"2493","11/23/16",0.0066617362700867,0.00191842805214248,-0.00590105091372228,0.0047723738435268,0.00384179509494298,-0.0100368016058882,-0.00424684102401052,-0.00353230087611989,0.0075987683464247,0.00558226741023771,0.00546444877734764
"2494","11/25/16",0.00598735950990514,0.00275684780925167,0.00783863855403699,-0.00524442109828915,0.00249186024245884,0.0141353869568477,0.00577043001714506,0.00263801870822244,0.00486009857051006,0.00461299473723731,0.0022791560336608
"2495","11/28/16",0.00501189698949744,-0.00786634949301634,0.00151027327821018,-0.0154180209776597,-0.00506037997587039,0.0182639840490575,0.00461441410352004,-0.000657748305000982,-0.00717153071079546,-0.0102731006517155,-0.0131189046863065
"2496","11/29/16",-0.00363614453126093,0.00200154078653525,0.000829490976546277,-0.0137401686539211,0.000803225428578136,0.00311520331376447,0.00955933299932399,0.00123416709138779,-0.000671862645518218,0.00574025817240464,0.00301316566874754
"2497","11/30/16",-0.0204380372284744,-0.00806660166469864,-0.0152931564999577,0.0576724042076204,0.00766761849374364,-0.0304912698195705,-0.0114363902345712,-0.0110117012471541,0.000504202827542377,-0.00977324400072155,0.0114862879710775
"2498","12/1/16",-0.00159670992514627,-0.000154785984977313,-0.0074209847986122,0.00329296530110157,-0.00106178297759985,-0.00941561662602564,-0.0146785867673498,-0.0242625060427465,0.0062163771936421,-0.00994874633921594,0.0148497961636722
"2499","12/2/16",0.00149258790200868,-0.00635169207040276,0.00678273374741467,0.00135161851971621,0.00168284372355387,0.00862318862963218,0.00997367799701965,0.00374699772780263,-0.000166927670532613,0.00358880142294393,-0.00877956879396991
"2500","12/5/16",0.00968820821932193,0.0110695116485922,0.00237321144458247,0.00857984519694255,0.0114068693877227,0.00320616776380955,0.00737496695771944,0.01119870725106,0.000500988772045741,0.000317812494488701,0.011809576289747
"2501","12/6/16",0.0101223464940006,0.00454884755368479,0.00336062936502479,9.55555841191114e-05,0.001835942343412,-0.00222732569507655,0.0064525114545535,0.00318822830443288,0.00525799657570247,0.00524331212216422,0.0104703030139959
"2502","12/7/16",0.0244257269029211,0.0174998095939072,0.014082400448576,0.00535229388009117,0.013177588828319,0.0137823166363573,0.0199726739779398,0.0176463634845336,0.016604327282487,-0.0100364975179792,0.0142686857991372
"2503","12/8/16",0.00040759205032459,0.00286628506353548,-0.00262719311776205,0.00693967633018122,0.00852691181869569,0.00411673831956172,0.00689011665948103,0.00567072578950834,-0.00195992332068284,0.00255447473957582,0.0113883717572243
"2504","12/9/16",-0.000305607775796024,0.00165453683854455,0.0136223864055487,0.00358774193710509,-0.00170813558812788,0.00943942142444376,-0.00108051396694597,0.00531176106142639,0.00351853592296991,0.0109881256946098,0.00165602244819629
"2505","12/12/16",-0.00193569544938621,-0.00931139378263945,0.00356404398435717,0.00526812678146094,-0.00650178179247707,0.00840657844392112,0.0066096707182739,-0.00487727783279901,-0.0053001874981693,0.00417423349583723,-0.0107457260974139
"2506","12/13/16",0.00979961297179277,0.00765566082510705,0.00369919935017338,0.0121653855860613,-0.00223879056679965,0.0103034666784854,-0.000477513778144978,0.0114360695136209,-0.0018852379341876,0.00596082055892699,0.00167117325079147
"2507","12/14/16",-0.00792644698425338,-0.00648889149134058,-0.00996325072490511,-0.0233972029316908,-0.0116026061760032,-0.020735679315236,-0.0218583538395725,-0.0029744262801078,-0.0101854803601032,-0.0043760910636782,-0.00596558329031815
"2508","12/15/16",0.00647010232207612,-0.00274034790168243,0.00502415772619136,0.00418805448850912,0.00701868909116277,0.00716341299828205,-0.0058616588988829,0.00438949036972724,0.00125078772471809,0.00715518429936535,0.009440433148872
"2509","12/16/16",0.00346927271284292,-0.00312942726678489,0.00514867590095958,0.00578214885081252,-0.00487892545321278,0.0107157346158977,0.0149858488006269,-0.00704092045836413,-0.00199880016743625,0,-0.00784901330477961
"2510","12/19/16",0.0150499570140079,0.00176105821271388,0.00192989459742332,-0.00414676240963541,-0.000700508120345722,0.00497276416152936,0.0107709413761055,0.00586838368401676,0.00559124581602544,-0.0039035651450543,0.00269303469602278
"2511","12/20/16",0.00641138899707205,0.00879014178594462,-0.00133376809105845,-0.0013248211829805,0.00271605492830185,0.000653638514212629,0.00227484223845442,0.00340314414913934,0.00697100439440046,0.000235156068898679,0.0112474186753919
"2512","12/21/16",-0.00507662828137001,-0.00037898644246015,0,0.00132657866249342,0.000349477437606938,-0.00382531647839612,-0.0151713365332321,-0.00290708035980813,-0.00403839554489638,-0.00650370163842529,-0.00249012646534008
"2513","12/22/16",0.00750389590100076,-0.0115210822304371,-0.00163185102929808,0.00406930720953658,-0.00733685317169996,0.00337173637403532,-0.00167195764747718,-0.00380653958801347,-0.00223401327322181,-7.8814708967534e-05,-0.00282905410369783
"2514","12/23/16",0.00546165298683787,-0.00222387474071717,0.001783304777498,-0.00160228648392979,0.00281572862712354,-0.000559990818034928,0.00260520904681627,0.00138205400110247,0.00107803256965044,0.00883425472103561,0.00200257634029022
"2515","12/27/16",0.00158027018248319,0.00422694140659741,7.43157898028812e-05,0.00273775986852143,0.00517668683074812,0.000560304583457016,0.00210324815142759,0.0050337015884363,0.00190540211741896,0.00101636184136944,0.00199876517624653
"2516","12/28/16",-0.00808601976357981,-0.0061988413890961,-0.00548891297487675,-0.0102617976419962,-0.0105621484135832,-0.00896108593034539,-0.0060500561702358,-0.0100169889733581,-0.0109144944879511,-0.00796683522671826,-0.0101396883965605
"2517","12/29/16",0.00288305269767286,-0.0016171744770358,0.0035798812744956,-0.00237801104491175,0.000176540065756958,0.0126212624063911,0.0124222418952613,0.000571217043757066,0.000250795365245304,0.000866054203765287,-0.00638118838627566
"2518","12/30/16",-0.00723638826066453,-0.00755875035519415,-0.00423572446302467,-0.00190698835050673,-0.00820321141730029,-0.00465064189850639,0.0126381686469184,-0.00913395384038407,-0.00325949620602239,-0.00275333792838361,0.00304207191863615
"2519","1/3/17",0.0326510006837855,0.00450759280987545,0.00328330547075639,0.0117501771645336,0.00809309185595097,-0.00392494331474191,0.00327148510765318,0.00790118147524721,0.00654031052940152,0.0123845134697771,0.00758222871442404
"2520","1/4/17",0.00686528669979669,0.0145454975915047,0.00156223106476983,-0.000283271394970086,0.0170270074437817,0.00487837831929649,0.0146134834586835,0.00604284624200813,0.0068310626353234,0.00973988001501369,0.011204018486122
"2521","1/5/17",-0.0072984665014304,-0.000838618058937368,0.00178274004928225,-0.0027389820376359,-0.0036434314449888,0,0.00321404801156144,0.000730469807300738,-0.00529536508384498,0.00432125963738783,-0.0109145517545993
"2522","1/6/17",-0.0138337822988324,0.00198401521320823,-0.000370750108365514,-0.000284210760849835,-0.00226360812688975,0.00289433111018766,0.000118666619001839,0.00916545406538405,0.00307763619191803,0.00307351945564771,0.00401264096414033
"2523","1/9/17",-0.00971172734690062,-0.00083790280382301,-0.00667497953221752,-0.0158203692344071,-0.00253040197444931,-0.0136846155450134,-0.0090165631227076,0.00176810527156812,-0.00713150756434722,0.00758335360522988,-0.00849283350450492
"2524","1/10/17",0.00594356570263077,0.00503189152830763,-0.00545063988488581,-0.00904800916621906,0.00507376977681773,-0.00217081968002963,-0.00849995383433932,-8.01341545347833e-05,0.00492768156998324,0.00357302542638838,0.00453474228864437
"2525","1/11/17",-0.00384049359183736,0.00189625365225043,0.00210215314445295,0.0114619303255947,0.00792071818777873,0.0100265227133558,-0.00615799631443625,0.00609796932340556,0.00606715706202032,-0.0116658820923864,0.00468147550708542
"2526","1/12/17",-0.000296628780205199,-0.000984291820465999,-0.00029963795347332,-0.00518586124019615,-0.00371332937923408,0.00103013225333437,0.00510280466429625,-0.00303053337488857,-0.00479138823894676,0.00153293500060525,-0.00832080659639467
"2527","1/13/17",0.00286773199797286,0.00242544935675082,-0.000149982928311143,-0.00328215854084946,-8.66613683484507e-05,-0.000561248167706085,-0.00145055943195593,0.00391968728250447,0.00464845621075782,0.00260194304754879,0.00604124391042804
"2528","1/17/17",0.00128175285171195,0.00120943668612261,0.0123669464844409,0.00639236850549763,-0.00563471321208331,0.00992219206668499,0.00774716953134758,-0.00557768812260984,-0.00933653780443899,-0.00625889186131467,-0.0226855989375285
"2529","1/18/17",-0.00649935415694713,-0.00151032098352544,0.00362776034017154,-0.00346461160149181,0.00784620569769268,-0.00101960371694798,0.00168176871718551,0.00384612817134466,0.00475397543038669,-0.000307462320718543,0.00802189993300217
"2530","1/19/17",0.000495732555539474,-0.00317602131898254,-0.0041309328151613,-0.0060840283941116,-0.00821735822236924,-0.00918524141885169,-0.0101930636016073,-0.00287349087780586,0.00365234427255268,-0.00645411919577943,-0.00541820028899798
"2531","1/20/17",0.00247663232729156,0.00265513274294649,0.00577756080636238,0.00534398990829765,0.00784913502883278,0.00206014190160331,0.00726906678829109,0.00536333528555999,0.00049630801049183,-0.00224241138661452,0.00442625239275363
"2532","1/23/17",0.00306359545830848,0.000605459107807738,-0.00147279639114806,-0.011307589609984,0.003374984201026,-0.00495286141583884,0.00841963902775134,0.000477862374998805,-0.00669592339229685,-0.00550329042289344,-0.00440674701822008
"2533","1/24/17",-0.013694657280979,0.00967944679002763,0.0071543262924072,0.0108503679591876,0.0251831520902368,0.00150257924854591,0.000238670540998909,0.0106646119512348,0.0126499290330835,-0.00506562803782218,0.0119167568592864
"2534","1/25/17",0.000100129755688405,0.00591664092542743,0.000878928984621163,0.00705928261848343,0.00630950756305415,9.38747732475154e-05,-0.00655874875335827,0.010709445221468,0.0112588865979155,0.00900814045468357,0.0149732701600407
"2535","1/26/17",0.0032956920609557,0.000744479072731341,-0.00417074858210642,0.000192217906410441,0.000919614774945732,0.000562440653540275,-0.00192044311144779,-0.00249318452398417,0.00138162634845962,-0.0072199347714218,0.00314934304920156
"2536","1/27/17",0.00676962164522199,-0.00401760937473872,-0.00631870649043664,-0.0109448868790123,-0.00192110613875629,-0.001218283557196,-0.00974157871182868,0.00281176990896781,-0.00308408119572667,0.00742891310376259,-0.00495712533307535
"2537","1/30/17",-0.00771281379908417,-0.00134476652171012,-0.000665791385371151,-0.0188312939890046,-0.0113807678390444,0,-0.00680088743176555,-0.00810025192501407,-0.00830324495406742,-0.00589924888550664,-0.00813684758049393
"2538","1/31/17",0.00179373511554348,-0.00127122655230283,0.00443974582143492,-0.000296733310411912,-0.00330108580830268,0.0157629056716662,0.00721454046515757,-0.00478999553096282,-0.00730603114954753,0.0161628548622439,-0.0048552614740428
"2539","2/1/17",-0.0167113997189403,-0.00224710602332989,-0.00633535602675628,-0.00712525555144672,0.00458599222463318,-0.0168113056123724,-0.012019007200415,0.00718004231647562,-0.00107484382179235,0.00706935564987332,0.00100957593001927
"2540","2/2/17",-0.0100150749755923,-0.00135108864599187,0.00756188224335785,0.00607984712544773,-0.00202888289690439,0.0087374056773506,0.0119194303975105,0.00047008636176149,-0.00289751062844601,0.00190733967811685,-0.00420162247308264
"2541","2/3/17",0.00776608663902967,0.000300727128982992,0.00529745600397469,0.00990698367494458,0.00194825195720316,0.0029801780462293,0.00546436166249631,0.00798678936239705,0.00946441499824346,0.00578795991625602,0.0199155953807675
"2542","2/6/17",-0.0136889094923284,-0.00285533027280882,-0.0047572984388613,-0.0095154844291836,-0.00135265314999666,-0.00222870411443432,-0.00169069639511543,0.0013983637471251,-0.00131568174169838,0,-0.00347519533623408
"2543","2/7/17",-0.00328987116163892,-0.00180862913235746,0.00823645695994935,-0.0152518622200325,-0.00761935760104582,0.00139607768944194,-0.00350832435439941,0.00356817713763125,0.00107047785163061,-0.000681482994166038,-0.00232480122028811
"2544","2/8/17",0.00226939004609861,0.00566206908425859,0.00364717411055748,0.000703810106646108,0.00238862173135135,0.00845728658676514,0.00789115982746491,0.00170081058737837,-0.00164521740870816,-0.000605989504636528,-0.00715712577130301
"2545","2/9/17",0.00648341941674757,0.00788216334534386,0.00501442740783564,0.0108542615323337,0.00246820623244925,-0.00681955551192681,0.00240900852240333,0.00486140848717209,0.00873438488219458,0.00651995574868702,0.0134116972176215
"2546","2/10/17",0.00644156829795994,0.00536283599633247,-0.000216992397003013,0.00765579271529582,0.0083197063089171,0.00668089917562531,0.00708950572608069,0.00238056307324497,0.00759661225242492,0.000753219421984586,0.0028122058071034
"2547","2/13/17",-0.00660369284040407,0.000888986178832152,0.000289385990563717,0.000986419735025557,0.00858802744341669,0.00405565086145865,0.000358088122244693,0.00551590478070918,0.00802601478509413,0.00617185795959529,0.0103925651458912
"2548","2/14/17",0,0.00532949155456697,0.000650715697290805,0.0039430112049772,0.000166979632559849,-0.00697706345369675,-0.00524805209793511,0.00358102005200656,0.000563134040576729,0.00875240327922477,0.0117550448645498
"2549","2/15/17",-0.00235213012253888,0.00625784346413383,0.00867125850527795,-0.00402563235401532,0.000834715338787539,-0.00231128188451812,-0.0033571713659345,0.00440335845510842,0.00570682080503615,0.0107528764535598,0.0069389106609572
"2550","2/16/17",0.00235767568253098,-0.00585317844852451,-0.000501494023689042,-0.0138998133128365,-0.000834019170193434,0.00963683442338814,0.00589491258455221,0.00136057567009251,0,-0.00190779820309006,-0.000961568603192631
"2551","2/17/17",0.00889779434197369,0.00338563224863897,0.00623580701833615,-0.0062979623956837,-0.00292129084789639,0.000183604125027159,0.00191374936041666,0.00294373816435245,0.000719262981304425,0.00198484738846338,-0.000801991960333481
"2552","2/21/17",0.0091231737827937,0.00623477309756382,0.00925988956483126,0.00744450760507354,0.00719919192036067,0.0104606467720643,0.012772846387535,0.00594573726840997,0.00527116947033046,0.00403496692739003,0.00433454077043849
"2553","2/22/17",0.0023103085833045,0.000510333708549915,-0.000705966283614634,-0.0165766062116531,-0.000581966720181737,0.00372318748330036,-0.00330029378626706,0.00127176743610757,-0.00357524143058396,-0.00219218287349698,0.00143868902501754
"2554","2/23/17",-0.00210471300135129,-0.00910743792501856,0.00112999848014117,0.00396021102395516,-0.00906429697357225,0.0103138856622311,0.00520357499994928,-0.00231629499576846,-0.00709606691865161,0.00534573311315523,0.00111715632668608
"2555","2/24/17",-0.00311344000660607,0.00448517338142373,0.00373901035607505,-0.0112269504333236,0.000251828591682379,0.0134324498904825,0.00470569489641504,0.00202221578107142,0.00449683789798461,0.00589985959488848,-0.0073341092533612
"2556","2/27/17",-0.00100733851810897,0.00212253873115542,-0.00470899586094109,0.0101266814609218,-0.000922932362112827,-0.00494829421887966,0.0052693097469152,0.000224191174835298,0.00599585331287544,0.00687914142853163,0.00417607197188419
"2557","2/28/17",-0.0143204381678329,-0.0075233616255328,0.00134175140314685,-0.00384793732231015,-0.000756002041224724,0.00896899294687703,-0.00687232065734023,-0.00612789863724061,-0.00659564989521932,-0.00402738248643741,-0.00319904871039123
"2558","3/1/17",0.00849194609099402,0.00978886675330748,0.00465450737747419,0.0212462472327934,0.0200018281495671,-0.00800917969104198,-0.00304943044555328,0.0140603869883582,0.0179984936381838,0.0116977079310348,0.0267971773223843
"2559","3/2/17",-0.00821738703844088,-0.00145781180588578,-0.000561604478705457,-0.0103524330297553,-0.0132651831588536,0.00692056749024972,-0.00541185743952788,-0.0074144909888455,-0.0104509960751513,-0.00328332492303707,-0.015158575405563
"2560","3/3/17",-0.00460319742751991,-0.00175186210120648,-0.00400348514502236,-0.0033192211409746,0.00108543078008561,-0.00308402122806639,-0.00390350025297992,0.00171813209912997,0.000793996564302013,0.00465474288976653,0.00349092673576434
"2561","3/6/17",-0.00883758315580641,-0.00380241255763869,-0.00394903458455376,0.0022201079670543,-0.00759011585976022,-0.00247484567448664,-0.00451251925189355,-0.00186438461291405,-0.00333247315433038,-0.00527451418162006,-0.00600885123169814
"2562","3/7/17",-0.0151375172225899,-0.00286247003315232,-0.00212380707172932,-0.00865968788965654,-0.00781656262909924,-0.000708819086717716,-0.00477156854207295,0.000821773193067088,-0.00421946209030688,-0.0077386809240958,-0.00381821103357682
"2563","3/8/17",-0.00515842804999178,0.00353338414803983,-0.00219930052160189,-0.0270187774343608,0,-0.0147190309540385,-0.0184584758310613,0.00119435284876568,-0.00391751961340825,0.00375507524670882,-0.00063857159348002
"2564","3/9/17",0.0053966354899575,-0.00124707680430358,0.0017775203339081,0.00459342820439446,-0.00508266896349574,-0.00242973536426561,-0.0150202272545765,-0.000596349290049258,-0.00537762246416684,0.00611531330545789,0.00239694878142349
"2565","3/10/17",0.00347345301100543,0.00220331086416503,0.00475544677269246,0,0.0046828949837836,0.0080288547070515,-0.003099454631175,0.0051477442816803,0.00718202819177316,0.00278848566810908,0
"2566","3/13/17",0.00723726090133869,0.00271136522135196,0.000141439663960963,0.00103924701850833,0.00474572697533238,0.00313224466714068,0.0024873111561321,0.00133580013350465,0.000160352628166605,0.000356573993721909,0.000637701147980119
"2567","3/14/17",-0.00916364959862903,0.000511293442555516,-0.00155398560565356,-0.0123534347569426,-0.00691634736669511,-0.0021409883993001,-0.000248233931644082,-0.00274264823596559,-0.0090523198986221,-0.00449081082191627,-0.00111520347759997
"2568","3/15/17",0.0154492486365512,0.00555201334531552,0.00771081921202232,0.0217573361931955,0.017496199068965,0.0176128676055911,0.0202259379221543,0.00639217847348217,0.0126918541417744,0.0121723770357698,-0.0011164651834773
"2569","3/16/17",0.00382946749702118,0.0018159457919289,0.000561643976362047,-0.00596637061693006,-0.00492490566629822,-0.0101915139412219,-0.00194620982352334,0.00273295788907091,-0.00367202784951526,-0.00813495184308988,0.00431107666629504
"2570","3/17/17",0.0070108652535823,0.000725045241234845,-0.000280612342704822,-0.000310475775902597,0.00520107324745345,0.00630212350498316,0.00463084329632824,0.000147129979248373,0.00392606111908456,-0.00556333049426383,-0.00858507578400103
"2571","3/20/17",-0.000307053550503533,-0.00275333964983282,0.000491175993473369,-0.00124223355402997,0.0025868855951281,-0.00732114366430281,-0.000848886455299014,0.00132549370071078,-0.0023943645305986,-0.00100410354344926,-0.00962165311429286
"2572","3/21/17",-0.00983210381606436,-0.0137325296786471,-0.00196407372494589,-0.00943196848824224,-0.0200598879847017,0.0125287526310065,-0.004370683895627,-0.0161065600047254,-0.0168799974141693,-0.0108405920832885,-0.03011639563316
"2573","3/22/17",-0.0130325712715831,0.000736863418276945,-0.000632394150497317,-0.00125562160093562,0.00305775605045744,0.00377368603629868,-0.000552706423227911,0.00754980053694743,0.00276670667003809,0.00181460470570127,-0.00217040679361247
"2574","3/23/17",-0.00199120497717942,0.00287066349975884,-0.00218011316189703,-0.0033526791641364,0.00440346689760918,-0.0017486818467557,0.00737368650247827,-0.00244811192056016,-0.000324429085764355,-0.00383999809938096,0.00267690168288026
"2575","3/24/17",0.00230883424364503,0.0014135990544708,-0.00160241241159764,-0.00416721971106671,-0.0100501966651482,0.00444166576558458,-0.00109814129472108,0.000693456257683245,-0.00322887732721355,0.00235705268535913,-0.000551960929633277
"2576","3/27/17",-0.00813619328308068,0.0016913074353071,-0.00127837419332222,-0.00329276019466473,0.00256583322685899,-0.00430759434848582,-0.00903725244824527,0.000745337195197093,-0.00319016698144237,0.00349355549037011,-0.00451888478753582
"2577","3/28/17",-0.000852193529983447,0.00792718899105016,0.00334212327792693,0.0149191947184837,0.0112607853110005,0.000971223273235289,0.00431347877455357,0.00692520548729481,0.010585820938565,0.000435473127597508,0.0137861753957287
"2578","3/29/17",0.00746331808131062,0.00473344655181918,0.00170072965645263,0.0136496642030317,0.000253208834661844,-0.00344005527821523,0.00564473937346088,0.00236642248465246,0.0009745022954184,0.000724974511949306,-0.00431176313861903
"2579","3/30/17",0.00740828677632144,0.00268175383157909,-0.00275923638987785,0.00331469125585482,0.00253019741539595,-0.00628449499261519,0.00183050466542412,0.00103291140723583,0.00600298551276346,0.000651996907961028,0.0141572165104809
"2580","3/31/17",-0.00336167119447994,0.000939725551824422,-0.00227020492842744,-0.0015487142100451,0.000588825743100596,0.00320663320664116,0.00596813819261,-0.000368342296696245,-0.00225784723427624,-0.00209976539644385,-0.00689764520395142
"2581","4/3/17",-0.00221348117998632,-0.004333093295253,-0.00142199520111708,-0.00258494543548105,-0.00504458321619594,-0.000621573662062613,0.00290601953302105,-0.00294934055236318,-0.00436428966353719,-0.00108819864281218,-0.004465079595664
"2582","4/4/17",0.0166911546121156,-0.00224847861738098,0.00149516980718967,0.00767156480244524,0.0037181197131626,0.00319829590742948,0,-0.000591476782563327,0.0011363666441544,-0.00123500908571117,-0.000996684448925644
"2583","4/5/17",-0.00426015542024127,-0.00327137813529599,-0.00135073846322675,-0.00524683615024868,-0.00370434650938167,0.00575636293113013,0.0014486349091829,-0.00362581474895673,-0.00316223101549507,-0.00378177297513371,-0.00781520555272508
"2584","4/6/17",0.00104370276125954,0.00488672392336964,0.000427181942592281,0.00848076042763535,0.0052392132722614,-0.00114463461036463,0.00530451258749665,0.000445574655330683,0.00357902320515846,0.00226309951642856,0.00603332844706106
"2585","4/7/17",0.00489925874965813,-0.00304840579479393,0.00199276439875806,-0.00379476063230888,0.00126085094832429,-0.0048482610671875,0.00143901135075031,-0.000668117476116503,0.00170199220215483,0.00167536337419749,-0.003165119778482
"2586","4/10/17",0.00259334089487884,0.00327626079798971,0.00312485309302968,0.00885316113465096,-0.00041981821091841,0.00141734074581712,0.00622673806520302,-0.000519775627173091,0.00283205725828717,-0.00130907955075266,-0.00250665789972626
"2587","4/11/17",0.00393174362327064,0.000725184523041156,0.000707913782109548,-0.00040798645418727,0.000923939223497205,0.000176740205200199,0.00690237425889206,-0.00349295364753555,0.00209771398226466,-0.00189285687140184,-0.000670069568644127
"2588","4/12/17",0.00319483811794119,-0.00507535597402142,0.00360824575245866,-0.0063291380505287,-0.0146849349055406,0.00689843161720161,-0.00177275026389689,-0.00514556224872997,-0.0140096532195234,0,-0.00938806661705138
"2589","4/13/17",-0.00595833324966566,-0.00641352406945872,-0.00465280768389709,-0.0186974918888906,-0.0107306220374762,-0.00421602862617765,-0.00224977191346232,-0.00374839460831833,-0.0082475391722947,-0.000948399946451794,-0.0130310765074931
"2590","4/17/17",0.0103346912808189,0.00872880017850575,0.00644531948047922,0.00157060718242308,0.00645662737080355,0.00538053255962878,0.0121040488259625,0.00948090689340297,0.0104569850219614,0.00255557108627635,0.0161179771344124
"2591","4/18/17",0.000306977954532162,0.00130863351190436,0.00478537696555326,-0.00930289059023071,8.5485146111397e-05,0.00157922508443398,0.00269662883410704,-0.000223556599402763,-0.00154827616534714,-0.00968671601943216,-0.00725611732702458
"2592","4/19/17",0.00286320030287324,0.00196089852341763,-0.00385212105343957,-0.015615090835967,0.000342132962032782,-0.00709533577896715,-0.00140317074649698,0.000148992230922129,0.00195859610522375,0.00352989768216116,-0.00118989180148366
"2593","4/20/17",-0.0021413312911569,0.0105817646817259,-0.00189821867529472,0.00342989040714947,0.0130814254486005,-0.00423455112448323,0.000117231446424615,0.0101380092854457,0.011892251318371,0.00600959230154485,0.014976227388213
"2594","4/21/17",-0.0118536682897897,-0.00172094828360358,-0.00260648583531387,-0.00384541036722996,-0.000590854076414238,0.00504997431948562,-0.00362972579690657,-0.00073807689213623,0.00032192958037891,-0.00553634801483871,-0.00704221309267772
"2595","4/24/17",0.00382626296631594,0.00610652735942363,0.00911087564381519,0.00503959708612922,0.0127512763196485,0.00484839250242697,-0.0110458883765385,0.0132932096053995,0.0135994880904564,0.00959625842659606,0.0204321372971976
"2596","4/25/17",0.00885950729356022,0.00785517404873404,0.00405933930364655,0.0107756796356797,0.014091586593318,-0.000350911227485096,0.00415898013512384,0.00619465599508962,0.00643048263784318,0.00565960795329357,0.00794311105490086
"2597","4/26/17",0.00796491801542198,0.0057387633627537,-0.00717983060188543,-0.00358876484757042,-0.0010689849404979,-0.00228171898799701,-0.00745482795280961,-0.00231762510562361,-0.000788690194531982,0.00490633190624523,0.00164166366573482
"2598","4/27/17",-0.00749661465531182,0.00429717601746638,-0.00154454630953493,-0.0121823096498807,-0.00279864771155203,0.00246288852395282,-0.00262279768996965,0.00617093898567123,0.000394660444801298,0.00344612026472446,-0.00475325204418331
"2599","4/28/17",-0.0104113399625361,-0.00476957959653923,-0.00035154262694026,0.000857980823468107,-0.00751130953696766,-0.00517675296142583,-0.0103993052952334,0.00151544305437046,-0.00544506409250212,0.00264752610558272,-0.0108695015050269
"2600","5/1/17",-0.00577610289371078,0.00112751802496369,-0.00506473462158152,-0.00203587381342474,-0.000332617241026623,-0.00493932900079552,0.00591860948805012,0.00893357881244761,-0.00222165037102939,0.00242632587213798,0.00566094533555761
"2601","5/2/17",0.00248991695874068,0.000422443198321298,-0.00636327990612151,-0.00644176686243103,-0.000582379469919458,0.000797986175678167,-0.00168105542019614,0.00199944744870706,0.00413517238515815,0.00149483101248138,-0.00215227784432792
"2602","5/3/17",-0.0223534737624125,-0.00534840631084799,7.13237812155487e-05,0.0030255650872506,-0.0109880671920376,-0.00398565536079942,-0.0133508414175949,-0.00178149635703995,-0.000475150184749973,-0.00447813643704087,0.00647095034385337
"2603","5/4/17",-0.0199004960101169,-0.00212266251041238,0.00704365179760913,-0.0216548028582861,0.000673311003325905,0.00293438739705509,-0.00487639842100351,0.00142754190447647,0.000316870897143051,0.00571241223668473,0.00263755562859402
"2604","5/5/17",0.0139324433575667,0.00645218902565436,0.00282635301086187,0.0194914658248651,0.0130373312730381,0.0061175756170051,0.00943286523705855,0.00463402089958609,0.00538614015041317,-0.000142110354865554,-0.00180863062154113
"2605","5/8/17",0.00585851290844364,0,-0.000634365956252103,0.00658878717785538,-0.00846894068758963,-0.000793194850298051,-0.00703882055659477,0.00333530968675366,-0.00338762516750124,-0.0080241346225709,-0.00082347597163146
"2606","5/9/17",-0.00518895191659019,0.00683354344551468,-0.0040182617127652,-0.00901389789585783,-0.00561048998268199,-0.00873075465380768,-0.00537766466813272,0.00212181419854063,0.00102766796413678,0.00186144092858109,-0.0046159453773793
"2607","5/10/17",-0.0017033755642093,-0.00195921984047842,0.0019818137098242,0.0147266812326399,0.00547368437956686,0.00284689708295693,0.00786426667229279,0.00388169374551994,-0.00252713968808338,-0.00157195432221047,0.00264985584221655
"2608","5/11/17",-0.0142887358889606,-0.00630952619657543,0.000423974119216242,-0.00224085373964489,-0.00268009192249519,0.00141940290992637,-0.0049987635487303,-0.00133583513510194,-0.00134583397009735,0.000429614378508525,-0.00627679226611488
"2609","5/12/17",0.00670719994821045,-0.0027515657541527,-0.00240085011349522,-0.00342255330457353,-0.00235136712199968,0.00469530719962852,-0.00404358038157304,0.00274559734337765,-0.00705558877837853,-0.00100181633850183,-0.00498682188896515
"2610","5/15/17",0.000752037571201791,0.00021235782728346,0.00403447328228657,0.00740506630673265,0.00934349371263665,0.0044087715398462,0.00295274849515059,0.00673951987458721,0.00510983484570415,0.00594318449148679,0.00801879955628038
"2611","5/16/17",-0.00107388212107895,-0.00396122309830949,-0.0019737389333071,-0.00436794858013023,0.00158453263404956,-0.00842782174466084,-0.00674687902049975,0.00557907453782902,-0.000873805167841857,-0.00298945645242776,0.00149149752929922
"2612","5/17/17",-0.019240858449727,-0.0169719528318076,-0.00226054188082725,-0.0100577174294805,-0.0210658220427797,0.00327580004753902,0.00407574371518327,-0.0287796966088661,-0.0201941088078855,-0.01427859978353,-0.0299519861282161
"2613","5/18/17",0.0086583936008453,0.00556241138431379,-0.000141595118162363,-0.00108082048103941,-0.00170114548538602,0.00282385994886192,0.00553490850351679,0.00485546182321883,0.000730269484508161,0.00485239529786519,0.00307059176166335
"2614","5/19/17",0.00814954526111,0.00603438945894785,0.00552316309294421,0.0137416886327075,0.00911644015820112,0.00378401519409044,0.00538246999331804,0.0056845885387653,0.0130544740920726,0.00230658613093793,0.00748309098527233
"2615","5/22/17",0.00614352865364132,0.0060699032266105,0.00626704127100863,-0.00266835869438675,0.000675414432505406,0.0091172090809708,0.00389332773079887,0.0102450049271432,0.00696324672805826,0.00273276349813956,0.00354488179780588
"2616","5/23/17",0.00032131029862148,-0.00454267316134216,0.0018194969013674,0.00181927316471553,0.003375020137657,0.00277986431567956,0.000848279033617283,0.000839393616795636,0.0027026121531879,0.00372915710620325,0.00841039178684544
"2617","5/24/17",-0.00406925677019276,0.00370762394792878,0.0044704146074217,-0.00523441079197706,0.00462507357881448,0.00649736431851866,0.00811338907005488,0.00489184132908083,0,0.00285787319979325,-0.000834036855555054
"2618","5/25/17",0.00462360892090619,0.00838247927931102,0.00625873810978095,-0.0193299718091215,-0.0010045604663006,0.00843527997960725,0.000120167317560815,0.00806662111553091,0.00483541840303037,0.0042033453717516,0.00200336975302062
"2619","5/26/17",-0.00171258334246016,0.00380426949358181,0.00276441171629371,-0.000109454678136611,0.00201088073281497,-0.00076808062155842,-0.00720640835269382,0,0.000946749445119854,-0.00212829392355607,-0.000833064118229587
"2620","5/30/17",0.00654026147044684,0.000561514694106924,-0.000827253465744193,-0.013689536589475,-0.00150506457418431,0.0023916534422459,-0.00629076808998308,0.00248346719823167,-0.00173397448890644,-0.0024883432770475,-0.00800396891766464
"2621","5/31/17",0.00106513403269504,0.00245490029566864,0.00213821932851843,-0.0056629838402984,0.000334998617068427,0.00485724852878522,0.000608823175147322,-0.00275246645927241,0.00173698637897512,0.00370629855033644,-0.00672376487309423
"2622","6/1/17",0.0107470110750938,0.0105651676580136,0.00860376530826934,0.00815199499166197,0.0133109569006014,0.00771719310097563,0.00523164503681017,0.00489925293619176,0.00890594229402408,0.013421263247047,0.0140462721241335
"2623","6/2/17",0.00736920169187671,0.00429302560906519,0.00300244511614722,-0.0130706740382867,0.00231322292069391,0.00210384059061441,0.0102879623667183,0.00913276815587993,0.00515587500791548,0.00686730136874081,-0.00400540208768174
"2624","6/5/17",-0.00250804332198507,-0.00296474375170497,0.000952754477654638,0.00246916725881019,-0.0037915467349704,-0.00503860444956628,-0.00431290984568466,0.00108852593984099,-0.00404133022200381,-0.00368878813844198,0
"2625","6/6/17",0.002409547040644,-0.00788264956348361,-0.00360275293639145,0.0125392622468554,-0.000165528351611655,-0.00194128950716865,-0.00481293935828198,-0.00163112131082477,-0.00671086234908325,-0.0025844252615661,-0.00502666934369744
"2626","6/7/17",-0.00794311845464357,0.00257865326133166,-0.000136329333345953,-0.0189076173871705,0.000827693012062536,0.00295974788271502,0.00701263750017467,0.00217856506510206,-0.00188548470910843,0.00329159412524116,0.00842025338294117
"2627","6/8/17",0.000421383297279698,-0.00472713493178478,-0.00668639950025773,-0.00315575574184901,0.00545720205931421,-0.00657671347280231,-0.00240147165755944,0.00400824029402957,0.00527359419319096,-0.000488644971137653,0.0135270147432964
"2628","6/9/17",0.00263257802454575,-0.00419063167493361,-0.000412122616671118,0.0261166284180145,0.0115952925187575,0.000509161227654431,0.00698046148200238,-0.0277420170237627,0.00422794810121108,0.00439985400269194,0.0191135827551863
"2629","6/12/17",0.0119737171978767,-0.000701526429185861,-0.000893036431877214,0.00594970948034912,-0.0048776746111816,-0.00178139230064023,0.00896386719097575,-0.00758590758546418,0.00389828501365908,-0.00236407334205413,0.00226356723180321
"2630","6/13/17",-0.00384016188208414,0.00729970153421045,0.00171916400580741,0.009309973192835,0.0124173558603096,0.00178457132225374,0.0022506313187598,0.00869563351789737,0.00427157066774364,0.00320585359911774,0.00403294948097455
"2631","6/14/17",0.000208447325671379,-0.000208947306383656,0.00624795499978159,-0.0220291846265132,-0.0121843465355628,0.0055990074132044,0.00141836523325045,-0.00577030670492618,-0.00224273792859719,0.0043769216905778,0.00144598322980483
"2632","6/15/17",-0.00500014142321059,-0.00459999487578799,-0.00293385711598071,-0.00943187358062325,-0.00923047873004779,0.00573645972845749,0.00507491634832125,-0.00468497580204275,0.00457293227905731,-0.00110667419598776,-0.00369009770937545
"2633","6/16/17",0.000314099327837214,-0.00161043901838831,-0.0105386149429665,0.0161307391018513,0.0032979417010901,0.00469730468992235,-0.00258347795328429,-0.0016157010585709,0.00223749105182081,0.00152330044705273,-0.00112715193892499
"2634","6/19/17",-0.00439561173488845,0.0082052750962891,0.00456464295414105,-0.00518145525369385,0.00871060141269142,-0.0040074370101284,0.000117776427285055,0.016114050876469,0.00592757019991796,0.0120306333925166,0.00822179075025642
"2635","6/20/17",-0.0130347454827754,-0.0125205208396449,-0.00406212238905668,-0.013408600471837,-0.00610992722002446,-8.37717445992814e-05,-0.0023543522998335,-0.00831011563628381,-0.011172981048201,0.00286946966075319,-0.00911420314308975
"2636","6/21/17",-0.011609413799042,0.00112688977281761,-0.00345625218772239,-0.0175221445850008,-0.00975418271596007,-0.0063711052974863,-0.0020057998271289,0.00677364029272121,-0.00766209790919703,0.0138976598098617,-0.0079070351848245
"2637","6/22/17",-0.00032329430659328,-0.000844518942157313,-0.00575757666050369,-0.000228823610143092,0.00173831670061242,-0.00421834021036038,0.000945783167569436,0.00152610072481973,-0.001637818833231,0.0102128563870791,-0.00553024582814365
"2638","6/23/17",0.00377277410279886,0.000845232757231251,0.000209365523741178,0.0086000571929139,0.00512311310435587,-0.00330423711139682,0.0034701825410719,0.0065793103152112,0.00351549870482493,0.000398981783574115,-0.00408896673279435
"2639","6/26/17",0.00365125984507997,0.00267388080304087,0.00481301108959231,-0.000799076570243029,0.00238398225260217,0.00731050213465978,0.00713002466496238,-0.00536667482475539,0.000856259196142073,-0.00272569925337562,0.00525530559201992
"2640","6/27/17",-0.0097367153903003,-0.0068771922948726,-0.0090941284941588,-0.00148518612216997,-0.00598695081261236,-0.0110548803604474,-0.00896763909074894,-0.0168095267482851,-0.00707775963639912,-0.0109999076131035,0.00539147404055029
"2641","6/28/17",0.00925926729271187,0.00969580519135671,0.00393074223479672,0.00674990717568158,0.011993037263093,-0.00871784027003164,0.00238150304901086,0.0130252265573083,0.00984826319782806,0.00708784199165824,0.0151786889876087
"2642","6/29/17",-0.010685476872147,-0.00863412601275437,-0.011598310458258,0.00238623472098198,-0.00917273947556863,-0.00771884046350568,-0.011402746765292,-0.0176917780627741,-0.00771160782461222,-0.0091335296055266,0.0064307030891273
"2643","6/30/17",0.00185458837177377,0.00523974742747191,0.00291579650389107,0.00328775219577992,0.00512478020111784,-0.00131122472558032,0,-0.00134720974052194,0.00800700279158928,-0.00115223935404263,-0.000798635467448738
"2644","7/3/17",0.00598943578863476,-0.00176094454176168,-0.000779983044040033,0.021129921521976,0.00871713506955163,-0.00498866304614853,0.0127355818455444,-0.00809435133025793,0.00615221391935949,0.00244272025577152,0.013429197820281
"2645","7/5/17",-0.00660324772375775,-0.00388100869822006,-0.00219995776615145,-0.0221311766629344,-0.00375033428576621,-0.00360618134085511,-0.0141180220329992,0.0103079973906921,0.0020123270550223,0.00636313099771035,0.00220849711981042
"2646","7/6/17",-0.0127493103048075,-0.0112629842601394,-0.00561875981096915,-0.0117687612138384,-0.00482801137668032,-0.002207009584268,-0.0187724332465248,-0.00899841149860958,-0.00980998449562331,-0.0139234600318257,-0.00818502477899763
"2647","7/7/17",-0.00176579729890258,0.00831062186577891,0.000286084198222403,-0.00229029975304929,0.00526276834902673,0.00247716595119996,0.00564139921563056,0.0130837874400267,0.0074887381691453,0.0062072474198136,0.00555477850195962
"2648","7/10/17",-0.0012163880153202,0.00120801032897444,-0.00700752533993454,0.00493526913574316,0.00605308022504469,-0.00247104476324855,-0.00914644422674538,0.00726878358259753,0.00170351817464387,-0.00345731689397255,-0.000947072939562865
"2649","7/11/17",-0.0104064472259485,-0.000780573681038454,-0.00338447829867716,0.00525341207749119,0.000243843413101796,-0.000796254290537313,-0.0011076303965164,0.00385353286846346,-0.00015453093399509,0.000204148651322456,-0.00616108140062588
"2650","7/12/17",0.0040273516311482,0.00703099948909491,0.00578033093152985,0.0036357155177591,0.0103236404940603,0.00903147834368734,0.0123214706364683,0.0136795751939871,0.00618466315425437,0.00700554260825137,0.00158951520453288
"2651","7/13/17",-0.00378812514889271,0.00105806823957022,0.000862126301000021,0.00543344768813925,0.000241292946355109,-0.00412442228605703,0.00158219266537407,0.00240975179801661,-0.00053779904706408,0.00054001324000108,0.00507861986379865
"2652","7/14/17",0.00570397608770223,0.00309986078488489,0.00696241254767327,0.00506646674535549,0.0041827935895562,0.00493439081558145,0.00960027252427187,0.00817362689233803,0.00369017942414573,0.00594035057248843,-0.00426339736506043
"2653","7/17/17",0.00478200335369228,0.00182609067419004,0.00128297040615433,-0.000448124374509806,0.00312406315150682,0.00412102911830825,0.00806446998029764,0.000612951187300537,0.000153059264348165,-0.00281823661256286,-0.00142729392544383
"2654","7/18/17",-0.0081903608770324,0.00378567337972435,0.000284740049425691,-0.00605164729899255,-0.00431205559515935,0.0027071191436927,-0.00214933973626619,0.00476623220381756,-0.00275684759998496,6.70680316992023e-05,-0.00238202589288206
"2655","7/19/17",0.00658421448505897,0.00530802141581943,0.00398568711749148,0.0166873443728994,0.0109871652628248,0.00470242375300023,0.00753858241546435,0.00603111331106065,0.00291817311774434,0.00693095817480138,0.00206940776729292
"2656","7/20/17",0.010753755571153,-0.00118104798283636,0.000637827125614887,-0.00510152525608865,-0.00737748513533787,0.00814769286272266,-0.00463187360453154,0.000943054904245066,-0.00436449956342222,0.00661597819564097,0.000476497254363606
"2657","7/21/17",0.00405826710175106,0,0.00219618001239397,-0.00914056416930742,-0.0018379999708118,0.00799586170302113,-0.000715766170966359,-0.00215358300854807,-0.0028453894527769,-0.00046484016898718,-0.000952721592001771
"2658","7/24/17",-0.0108147064181037,-0.00243431326910004,-0.00254477464165881,-0.0032625178150737,-0.000960837960267913,-0.00844407708303596,-0.00191063602308927,0.00397891639864945,-0.00285386655351161,0.0012621515718334,0.00349660540869379
"2659","7/25/17",0.00618429203456849,0.00697247893923914,0.00786627092049974,0.0147856517394187,0.0106587839407715,-0.00404317556771761,0.00131606873075674,-0.00120911694821835,0.000232298617704352,-0.00723060525587294,0.0129870351508838
"2660","7/26/17",0.0106465329905689,0,-0.00147660643875458,0.000889775215848099,-0.00745383580823555,0.0076007466840935,0.00692971906253015,0.00181608373999831,-0.000850726820352476,-0.00354137032266866,-0.00766108819579059
"2661","7/27/17",0.0263900694718053,0.00574707051398771,0.00795713681527221,0.00944534023968213,-0.00463370598836954,0.00282868290097449,0.0011863590339074,-0.00906301257540243,-0.00456623769489628,-0.00891852571325369,-0.00472670127584873
"2662","7/28/17",-0.00656018054218666,-0.00647159360368832,-0.00796428551583594,-0.00264199808830978,-0.0046551529591663,-0.00153860361512037,-0.00272571133305854,-0.00142278357295678,0.00147714910183261,0.00514204277235164,-0.00063318270012469
"2663","7/31/17",-0.00127813111511854,-0.00117801982541588,-0.00070418386997273,0.00198686385595503,-0.00516084984953225,0.00410927153723195,0.0013071176878181,-0.00502021163583954,-0.00124211019984588,-0.0020866586319116,0.00649459578591238
"2664","8/1/17",0.00682528150198536,0.00249752319177055,-0.00140946330574687,-0.00198292405581935,0.00089152524904379,0.00503016412292601,0.00450970197537726,0.00531856885542092,-0.00233190612643397,-0.00384492116878332,0.00739691521087527
"2665","8/2/17",-0.0051900849175418,-0.00373695166420773,-0.000776350614408949,-0.00408384670147977,0.000485943739564565,0.00279947952161375,-0.00909714903844039,0.00135631697995375,0.00296064154906128,-0.00203117568748601,0
"2666","8/3/17",-0.00574964641104503,-0.00173649615431837,-0.00176555379319066,-0.0149618013693159,-0.00793283067956374,0.00346855986148897,-0.00202703183205621,-0.00277697433829416,0.00380646404068297,0.00142474958381311,-0.00437438911193511
"2667","8/4/17",0.0147782963198069,0.00118293800250213,-0.00283010274040296,0.00607565600542559,0.00456938372907589,-0.00269784005978591,0.00334539764162822,0.00142645569324973,0.00309541065211483,-0.00121949437411761,0.0061197066748333
"2668","8/7/17",0.00358802207807041,0.00201547893390264,0.00723712140304111,-0.00984117339472257,0.00121818944355478,0.00278946898191745,-0.00107191955841546,0.00610401115147363,-0.000308465780847977,0.00237423881182597,-0.000779881005894101
"2669","8/8/17",-0.00462671672311021,-0.000832480975850869,-0.00380387632080048,-0.00271062893589258,-0.00900452595751389,0.00387769698722606,-0.0047680914457997,-0.00128071099086469,-0.00246951389381878,-0.00487287266611991,-0.00171682505207771
"2670","8/9/17",-0.00242980663776926,-0.00395680589479386,0.00106060413795461,0.000453047136998563,-0.00106415220706713,-0.00512214861690352,-0.00335360536518892,-0.000945131506312813,-0.00116044664791215,0.000136097021830928,-0.00187618288067448
"2671","8/10/17",-0.00698926129770916,-0.0158209817995409,-0.00423803253456712,-0.011433126771993,-0.0121281725563011,0.0025320248424392,-0.00721057106154188,-0.0212822987629259,-0.0139417617387946,-0.0147558680789842,-0.0178572245860649
"2672","8/11/17",0.00181303559899604,0.00545274766300219,0.00106398967145083,-0.00549648049758089,-0.00124428836754786,-0.00580910180034622,-0.00617355871971847,0.00786972556566568,0.0011783427835026,0.0049693952267309,-0.00558204431038822
"2673","8/14/17",0.0109643850177177,0.00669115915421648,0.00503108767007232,-0.00414511071146362,0.00938528965502061,0.00652056538300716,0.0166867559618695,0.0161642170837577,0.01082681376203,0.00590623674596569,0.0144345726215662
"2674","8/15/17",-0.011161444634013,-0.00853568128363447,0.00451238371088247,-0.004277813478341,0.000411477663840421,0.00412246492374235,-0.00299511332948532,0.00195465334357814,-0.00287167062623983,0.00122891735902053,0.00189724372184052
"2675","8/16/17",0.00202318833761117,0.00366944161928129,0.002948361495275,-0.00998611311555331,0.0088008579627683,0.00427317847025077,0.0039654742766051,0.00343111229727922,0.00132326031371677,0.00252279179172366,-0.00220925950508799
"2676","8/17/17",-0.02072259882868,-0.0157490750693657,-0.00902802057766194,-0.0140745541380932,-0.016143602481308,-0.00775904052515541,-0.00622388214369052,-0.0198445427798064,-0.0174906429153943,-0.0130593090966978,-0.0181874488579443
"2677","8/18/17",-0.00434081937814756,-0.00485749073439978,-0.0033899520590982,0.00654292033518455,0.000662950309968435,0.00596980068818964,-0.0101166587640709,-0.000273558579583999,-0.00363955313450626,-0.00344584182816476,-0.000644366771870852
"2678","8/21/17",0.00217991209785362,0.00172281872755375,0.00396811777615191,-0.00685490565519131,-0.000165580780633223,0.0033433884964722,0.0107068095534879,-0.00116304855051796,0.000555878296959023,0.00408005518751064,-0.00306253197043926
"2679","8/22/17",0.0092442434784894,0.0100319192737586,0.0017646536362288,0.008092379111305,0.0128385795343795,0.00283234609189686,-0.00288907630124446,0.0147270736851002,0.0109523899243069,0.0126041406840622,0.0101859138681508
"2680","8/23/17",0.00592675081264016,-0.00709443456310654,-0.00366377113221594,0.00460392476656257,-0.000572395332294917,0.00315676364171158,0.0102619189779487,-0.0018228259262123,-0.00840004187360288,-0.00754985391174323,-0.00208066890779957
"2681","8/24/17",0,-0.00185768814733911,-0.0130826011607875,-0.000117619794379964,-0.000981987206678192,0,-0.00310690639508349,-0.000135182807838086,-0.00292932056543549,0.00370080353594382,0.000641526590334118
"2682","8/25/17",0.00428476008928103,0.00264864618084704,0.00229323048154462,0.00634628420698724,0.00303059964502395,0.00289826437985385,0.00479495410330766,-0.000676329762567263,0.00484360400800377,-0.00081924768726338,0.00256451101245259
"2683","8/28/17",0.000959965656042616,0.000713938191249319,-0.0028597534856869,-0.00583908944547384,0.00244976252118101,0.00115611084455036,-0.00763558112664597,0.00257196787729153,0.000474102501133444,0.00724381573608257,-0.0051159022372792
"2684","8/29/17",-0.00106555220476001,-0.00192643799638381,0.00315437148249575,-0.00117469426193495,-0.0036657898426391,-0.00115477579572987,-0.00108213820772596,0.00405041790783134,0.00695034936114935,0.00176403538113212,-0.00498150587182633
"2685","8/30/17",-0.00256010682427954,0.00657663926812502,0.00107231799025853,0.000705605818758226,0.00711316147401653,-0.00429358486214582,0.00565660617647712,0.00927863094804326,0.00407876607187152,0.00548605792059687,0.00452202203345387
"2686","8/31/17",0.000534539601806605,0.00646267717125459,0.000642492685074769,0.00740399617752008,0.00828050112114886,0.000829196583482572,0.00574455446166788,0.0073946295233418,0.00523391129498618,0.0175130389576852,0.00096448552734496
"2687","9/1/17",0.00737576599962853,0.00515087037116402,0.00385261514462809,0.00979917354442317,0.00780999024824891,-0.00182279641100325,0.00345064868587608,-0.000727459367640626,0.00272006600818697,0.000529499656376942,0.00433678502237611
"2688","9/5/17",-0.0105050285608215,-0.00463325571445139,0.00135041756065624,0.005083403955779,-0.0107053705519858,0.00207521869528371,-0.002727417301984,-0.00847074516659663,-0.0104626689969113,-0.00456534239697626,-0.0235087025456723
"2689","9/6/17",-0.0147989885847728,0.00507783375293624,0.00326497521142843,0.0165515865131594,0.00218040352995819,-0.00447320039286303,0.00261607267928365,0.00153511687529639,0.00109646216545123,0.00458628033704334,0.00212905643037176
"2690","9/7/17",-0.0219874754646897,-0.00743787055377865,0.00240545523808633,0,0.00233689543960458,0.00748882717534771,0.00640431542391706,0.00466480147857573,-0.000312930634464803,0.00879991330371688,-0.0169964178293627
"2691","9/8/17",-0.00511987071374986,-0.0031105992598075,-0.00606954883249755,-0.0114202000865532,-0.000321719626405037,0.00412946627336996,0.000824751162589177,-0.00795972735169082,0.00485201172640282,0.00419753780472676,0.0098089264224237
"2692","9/11/17",-0.00514586697583275,0.00581515820069023,0.00631939410370541,0.0100652656358067,0.0117410528588986,0.00929422319968154,0.00918391781462358,0.0149775140646886,0.00794401937332445,0.00744566422425641,0.0177806143641162
"2693","9/12/17",0.0145058920147489,0.00571106289988421,0.00162292698423738,0.0071340161148099,0.00699478906661999,-0.0166244904418025,-0.0117838573511162,0.00177846624417266,0.00625860925755561,0.00259314546690814,0.0129409013867889
"2694","9/13/17",0.00266025819880489,0.00659000220104278,0.000634211873903334,0.0142791628321504,-0.000868292536657544,-0.00563524010817218,-0.00259745133833811,-0.00184133543636855,-0.00145888758980262,-0.00394461666005597,0.00175657895596815
"2695","9/14/17",-0.00386922634970677,-0.00348229787897458,-0.00211205951302529,0.00532099129242636,0.0019750218865453,0.00933411576087262,0.00828601865545586,-0.00270105753761851,0.00346064872239116,0.0012336378370863,-0.00366653570854125
"2696","9/15/17",0.0107646712651244,-0.00160766523744915,0.00261036186624719,0.00143341427202692,0.00110379474397848,0.00107334384793334,0.00187826864200114,0.002840731402318,0.0045213274892415,-0.00265820829229679,0.00384008757335952
"2697","9/18/17",0.00274470137299043,-0.00280009923080093,0.00112570580285132,0.00550540920728548,0.00716714118324568,-0.00899029894531733,-0.00539020095277098,0.00105391867257998,0.00640812213290265,0.000324995043283094,0.0105195629606973
"2698","9/19/17",0.0188327861541753,-0.000912370732203738,-0.00274109297220859,0.00251859472686222,0.00406622903272758,-0.00258012772210225,-0.00659738591448145,0.00342161949597775,0.00174358278636344,-0.00825370732743025,0.00662460936947173
"2699","9/20/17",-0.00107459874076676,0.00337231815290107,-0.00845799392961355,0.00895694686999238,0.00521809857610855,-0.00751007345722443,-0.00272774048397961,-0.00498404148461296,0.00696183317098198,0.00229359067027168,0.00658096402604502
"2700","9/21/17",-0.00580949053514412,-0.00238062412752316,-0.00988052862402422,-0.000757727602049174,-0.00240187362705557,-0.000420380944836096,-0.00190282087055293,-0.00560196111002342,0.00285549547995245,-0.00490383685124329,0.00280191125634266
"2701","9/22/17",0.0095226920964997,0.00175467233890414,-0.00236900414927455,0.00444185935851893,-0.00302895362486377,-0.00706526688563736,-0.00705364188411495,0.000795240259833241,0.0031473407355298,6.60012749360561e-05,0.00062091258017305
"2702","9/25/17",0.00482360733349174,-0.00203211048530105,0.00698020882967909,0.0168266681081717,0.000779177796113251,0.0089791718531842,0.00581881079993396,-0.0136423173328332,0.00126988310479503,-0.0024310495821811,-0.000930734672320965
"2703","9/26/17",-0.00501384997265997,0.00105338063357219,0.00221571651364916,-0.00127297930296433,-0.00280228434303109,-0.0017631563083057,0.00168731284672208,0.00328990433098908,0.000149031656449417,-0.002568457530156,-0.000155207965722659
"2704","9/27/17",0.00292104373973401,0.00588574634739736,-0.0063026500370037,0.00384737611026531,0.00174916380291568,-0.011336528848368,-0.00902406187869309,0.0121402582233032,0.00386607972778297,0.00149086691182454,0.0145898504140305
"2705","9/28/17",-0.00140220646755296,-0.000699880589992152,0.000432807637952504,0.00149886650429565,0.00657684871463204,0.00317322224492722,0.00679921325522859,0.00145859281415506,-0.000373068973020252,0.00191835638805293,0.0021533371849467
"2706","9/29/17",-0.00334897406284052,0.00399240433691017,-0.000649050542241514,0.000320716913236652,-0.000311136591008121,-0.00162433109273297,0.00205015981407919,0.00628963684899264,0.00238890491068555,0.00548036290193465,0.00306942108453057
"2707","10/2/17",0.00498597100454767,0.00313933463949123,-0.00101038075854076,-0.000748121793956447,0.0130718838324348,0.00325409132568932,-0.00144408583964117,0.00282905482271989,0.00752290158706614,0.0107696074483195,0.00826187676240631
"2708","10/3/17",0.0186583038102965,0.00347743088307917,0.000216669604504505,-0.000748592800899339,0.00522271353506087,-0.00358491860114107,-0.00144616134909437,0.0025586935494275,0.00487903310886328,-0.000129983851134163,0.00318667760423352
"2709","10/4/17",0.00423513828354039,0.00436618056051707,0.00397269187998184,-0.000963183170917037,-0.000611234840142694,0.00967968539886321,0.00506925661286117,-0.000588843998892252,-0.000809111958344655,0.00389870564026218,-0.00438661169604027
"2710","10/5/17",-0.00231956724273741,0.00538227559963333,0.00366897064796556,0.00460624493374984,0.00527511404243741,-0.000509055269367287,0.00360272480675539,0.00942898037703044,0.0016934359532581,0.00148860972843923,0.00941952476874364
"2711","10/6/17",-0.00623470583774988,0.000754847980177331,-0.0086731878120353,-0.0104499487904823,-0.00159713894354463,-0.000848813065642773,-0.00323077676371608,0.00304884910170267,-7.36711050151051e-05,-0.000839999130789026,0.000602256131587486
"2712","10/9/17",-0.00499793488870115,-0.00473206011403016,-0.00426610626906376,0.00301728085154518,-0.00106640783487078,0.00127434132487791,0.00240108840644648,0.00219874230687256,-0.00382227756705067,-0.00724456877475554,-0.0039111375234433
"2713","10/10/17",0.00416802825415874,-0.000620193726643792,0.0095852718160192,0.000752051063612758,-0.000381175366060305,0.00958763834798071,0.00299396630274273,0.000645350845814185,0.00162345271124287,0.00149850269103746,0.00468139923321664
"2714","10/11/17",-0.00415072790298365,0.000482709691559169,0.00122280378525752,0.00246898590322453,0.000762758923173346,0.00394988103964389,0.00334318318442262,0.00406262827939674,-0.000442090997647138,0.00208191708330974,-0.00135282848878227
"2715","10/12/17",-0.0164582658089159,-0.006822797431012,0.0045258726355466,-0.0046047657139191,0.00243929536789356,0.00535741432729542,0.00642637218509656,0.000770754843775867,0.0045694973655015,-0.00103879585481859,-0.00617108047478576
"2716","10/13/17",-0.0052155751070001,0.00333074737355687,0.00207410372858696,-0.000215079429922604,0.00547490899251502,-0.00657783853736493,0.00260131628404836,0.00455648207223791,-0.00234777529357244,-0.00324945474622318,-0.00136265107903655
"2717","10/16/17",0.00229378740406228,0.00152139122939277,0.000642241224106499,0.0022597051769313,-0.00105869175306472,-0.00217906259207745,-0.00495344887979254,0.00268322400559362,0.0016915567760325,-0.00326024833478911,0.00636933132655293
"2718","10/17/17",-0.00348733747593843,0.000690820787428992,-0.00442189485468092,0.000107409789446233,-0.00370950366064771,0.00545971611864648,0.00118531866477101,-0.000509608062891131,-0.00352422302051958,0.0113824066261745,-0.00557583210920354
"2719","10/18/17",-0.00196855956283992,-0.00144941229427609,-0.00114643649892465,-0.00815894673237794,-0.00182397610077289,-0.000835410801820147,-0.00106539213463963,0.00344221309634674,0.00184201444654364,0.00135814676579327,0.00530403201036855
"2720","10/19/17",0.00372557918390659,-0.000138190376647196,-0.00516383433485401,-0.00378825948420924,0.00365420385633231,0.00961536649223715,-0.00296284366879984,-0.00330347377014317,0.00161796849752971,0.00490883479658777,0.0019595091968847
"2721","10/20/17",-0.000109160803421271,0.00311037121331181,-0.00136969422581468,0.00228156729703599,0.00796416681786116,0.000828146365742022,-0.00570548267102988,0.00669267083517533,0.0110865938466034,0.00212124799991997,0.0112832759858374
"2722","10/23/17",-0.00764275946230009,-0.00675265448048767,-0.00137168541748611,-0.00834682361110972,-0.00308529886657238,8.28025038388525e-05,-0.00382544723679756,-0.00360909546658761,-0.0079151983639002,-0.00307881604020499,-0.0032728140679843
"2723","10/24/17",-0.00363064066425867,0.00298309671294983,-0.00332535320498706,0.00240497255577843,0.00815217187010053,-0.00033100041442069,-0.0060002517121418,0.0032408836094775,0.00570908309344054,-0.00714137528283132,0.00641775011805779
"2724","10/25/17",-0.00817161765207941,-0.00456492618021054,-0.0026838311070656,-0.00730659052309601,-0.00591488838337884,-0.00405557045668725,-0.00289761143675082,-0.00367369219237512,-0.0101162553809824,-0.00213846789012051,-0.00444899088056061
"2725","10/26/17",0.00423078989213233,0.00312658368544327,0.000872946116414752,0.00318575739529248,0.0105443922642703,0.00132961544640664,-0.00823330190595661,0.0041958156031221,0.0033822540139643,-0.0096110427289563,0.00580948709154949
"2726","10/27/17",0.00232821032265185,0.0119832843491781,-0.00704849715161937,0.00448981278753857,-0.00357726632929112,0.00647363708207993,0.00451716900920829,0.0255126561795562,0.000366176513609373,0.000917970312472205,0.00103691836548836
"2727","10/30/17",-0.0160381110972666,-0.00403847486686504,-0.00973286038240562,0.00523260241781198,-0.00583459741136561,-0.000247426130184358,-0.000850874219317066,0.00327188936126865,-0.0090097073388492,-0.0103504224436437,-0.00695361621012835
"2728","10/31/17",0.00528351408789618,0.00123715396942803,0.00886790198471732,0.00401278777439273,0.00263335051993208,0.000907274947220094,-0.000121586351938596,0.00436864431338146,-0.00103471654635912,0.000463258552596324,-0.00148991772459162
"2729","11/1/17",-0.00793925559882103,-6.87829070072921e-05,0.00278344658426044,0.0128536449292111,0.00502783858749378,-0.00510911187505536,0.00486623133303499,-0.000367409392539764,-0.00118376238923301,-0.000396907471217678,0.00164122111799503
"2730","11/2/17",-0.0178088997394188,-0.00782529628430106,-0.002921816262768,-0.00287938055034376,-0.00582402775787771,0.00298184661389977,0.00847452272341243,0.000735275925010992,0.00570412711075452,-0.00231674924374436,0.0078953717502448
"2731","11/3/17",-0.0126234807334485,0.00297493480572708,-0.000805789875031881,0.00363636821326607,-0.00150203961924256,0.00322071495587695,-0.00252117364089943,0.00796115281924181,-0.000957660988161302,0.00928829884024607,-0.00354734262124912
"2732","11/6/17",-0.0135981090527171,0.00641502576451325,-0.00989805483184836,0.0249360606643796,-0.00330946891192352,-0.00296337683585535,0.00673986529537007,0.00449621321642968,0.000663572231040188,-0.0037468531294732,-0.000296620918298074
"2733","11/7/17",0.00212076699055763,-0.00664833383437735,0.0085159718461163,-0.00197549158626997,0.000377180171868607,0.0110633727593494,0.00812905939631969,-0.000423592504318671,-0.000442163749694302,0.000989778840573274,-0.0140950434293868
"2734","11/8/17",-0.0017637468435745,0.00103499732274015,0.0107935896397244,-0.00489633465691275,0.00037738652476893,-0.000244953279635474,0.00498039281286644,0.00580922824888241,-0.00176896833005313,0.00204338042286478,-0.0054175031477397
"2735","11/9/17",-0.000471028130762385,0.00193004003670372,-0.00036304174207602,0.00324537692888649,-0.0101801644571132,0.00081664533155501,0.00106204903393281,-0.00890377725413594,-0.0112982354915169,-0.000197355407908995,-0.00408533338026729
"2736","11/10/17",-0.000353590556552486,0.00323327145698715,0.00995552311299175,-0.004800212797476,-0.00236177859690301,-0.00440700006397154,0.00106084664545469,0.000363942861693278,0.00126951669784936,-0.00592155483834589,-0.00151928223162034
"2737","11/13/17",-0.00483311783148754,0.00308584324212924,0.00467694611934077,-0.00754937797484789,0.00557453729500934,0.0110665098632559,0.00506297561770741,-0.000181902140883317,-0.00492317831164046,0.000727925923936112,0.00258661402138483
"2738","11/14/17",-0.00651514044881585,0.000888650201665842,0.00372420778234295,-0.0166931802129729,-0.0102519466909471,0.0124857556621192,-0.00210874318397536,-0.00176013571884459,-0.00389792874148376,-0.00496025838891112,0.000151824740568518
"2739","11/15/17",0.00584242381765621,-0.00341498666038431,-0.0102034265609274,-0.0117115603753167,-0.00560122915056571,-0.00888861230958016,-0.0100962575224437,-0.00759962615739984,-0.00541827879955936,-0.00252544382184361,0.00242787256225152
"2740","11/16/17",0.0168326088742672,0.00870387094730263,0.0149221796918459,-0.00358779777828777,0.0132715279381426,-0.00121174416723757,0.00830165559114193,0.0137842941170498,0.0105929570136509,0.0115943597679398,0.000756967222033111
"2741","11/17/17",0.00851012763593317,0.00557154684782746,-0.00234384304013135,0.00665585735094054,0.00197992183070084,-0.00614788357919738,-0.00435173174114056,-0.00507611076609382,-0.00411814702463942,-0.00296423767512966,-0.000453880468992196
"2742","11/20/17",0.00843831648560811,0.00209446267160884,0,-0.00238463988084003,0.00228001274664602,-0.00284883102766009,-0.00295339321199306,0.00352276035733223,0.00548868670461888,-0.00376601589694681,0.00514529490595961
"2743","11/21/17",-0.000916966437363942,0.00559645121894192,0.00234934954671528,0.00173830358153926,0.00583852260003481,0.00253042764594369,0.00746437325166016,0.0122866163643174,0.00770144610020251,0.00888677491278411,0.00376387183580973
"2744","11/22/17",0.012735210576277,0.0010057876826195,-0.000781472965244334,0.00639923414497834,-0.00165853488092038,-0.00065142786390604,-0.00223449376341389,-0.00263061308406654,0.000890325083074961,6.58070936603306e-05,-0.00389974484333033
"2745","11/24/17",0.0018126154415643,0.00200954736021086,-0.000568429787594527,0.00226320441641192,0.00498374651036526,0.00138517267872462,0.00129656933416866,0.00575486899218935,0,0.00249770632193735,-0.00180699449150146
"2746","11/27/17",0.00361864813450308,0,0.000782403279041111,-0.0123656018677166,-0.00548477994434593,0.00504426532110158,-0.0047086008700965,-0.00107276481995078,0.00163103515151986,-0.000327885385351445,-0.000603276687973775
"2747","11/28/17",0.0122817208493642,0.0120995822349133,0.00881226003827384,0.00772986679650689,0.0102748499256955,0.00477624419417455,-0.00378472664292495,0.00250596389793745,0.0150247435855364,0.0074113351883327,0.0247548317067645
"2748","11/29/17",0.0158058646130259,0.00548223056805708,0.00619953104206594,0.00486180416265447,0.00119662933202802,0.000644410652432592,0.000356100246085456,-0.0259508632696804,0.00809403590701629,0.00397139699632421,0.0179701590628878
"2749","11/30/17",0.00427351905789242,0.00486112574678188,0.00910164650838774,0.01591224965321,0.0044069008234755,0.00531409958190765,0.00154275061935838,0.00831047987375366,0.0152620953448535,0.00830017479872058,0.00390652697531402
"2750","12/1/17",0.00240038601987447,-0.000261531983297592,0.00152638079934753,0.0105830782948984,-0.00758551902260107,-0.00416472638049814,0.00236988543587247,-0.00551479229493601,-0.0107578921873429,-0.0012862794810341,0.00172987926442425
"2751","12/4/17",0.00827252854325233,0.0103315846324399,0.0100451043923409,-0.00146605409449718,0.00936699460575752,-0.0054687523913628,-0.00496498410045187,-0.019439464690804,0.00763399465778702,-0.0141025328030749,0.0145323060937386
"2752","12/5/17",-0.0200798670955918,-0.00608379542566539,-0.00253786555318125,-0.00450979117666428,-0.00564220478398014,-0.012696283785597,-0.0083165389251405,0.0022994256876685,-0.00907726764386474,-0.00248224541230302,-0.00737485754553679
"2753","12/6/17",-0.0242371128107594,-0.00566506879750905,0.00536357731594683,-0.01580267709162,-0.00694339014795109,0.0040134526140343,-0.000958404975490157,0.00638641782280924,0.000144130684290866,-0.0014403067979144,-0.00328615769829343
"2754","12/7/17",-0.00316117179144693,0.00307794742764878,-0.00861776751494514,0.00406773316850328,0.00691678698340126,0.00154999189819538,0.00251826020808887,0.00720855012843025,0.00851014560067775,0.00262279631345375,0.00286696317885737
"2755","12/8/17",0.0148372679324671,0.00456990255146628,0.00275954170780546,0.00916837037184326,0.000746707182477824,0.00342123359142676,0.00514353610808937,0.00379247950458494,0.00378986531530212,0.0112492217773714,0.0048598320118487
"2756","12/11/17",0.0139509892067151,0.00253485682901378,-0.000825585708322585,0.00845134977836492,0.000895193105974412,0.00487040019331708,-0.000119054738973667,0.00798287721841762,-0.00313450852379482,0.00239310305570428,-0.00270259665230521
"2757","12/12/17",0.0134287596914227,6.46580080470027e-05,-0.00110180022588235,-0.00408550580353451,-0.000223774156430157,-0.0176913588641444,0.0048798015599556,-0.00253889905437699,0.00121506365605306,0.00354852744247158,0.00870057987294359
"2758","12/13/17",0.00369289298044984,0.000842723967399595,0.00489419882443509,-0.00115711669379825,0.0020880054934167,0.00287841961388202,0.00165831248514259,0.00103015465189449,0.00378305157613967,0.00340755389436431,-0.011029386461452
"2759","12/14/17",-0.0124513004890543,0.00165697166970635,-0.00334373197187887,-0.00445100499057061,-0.01138722518582,-0.00252033844706989,-0.000236475250833368,-0.000928793323002775,-0.0067422718003598,-0.00998710729388996,-0.00730008186249831
"2760","12/15/17",0.00421390454783843,0.00473565141697563,0.0099818997254375,-0.00138392866487014,0.0053661761424173,0.0040593193384566,0.00626843690000323,0.0114846204825034,0.0079814916106784,0.010523003469304,0.0112912879264906
"2761","12/18/17",0.0112633293243039,0.0102014256528864,0.00137285842246015,0.00959384301369659,0.0161628437618493,-0.00957096665480694,0.00658213211461822,0.00943146797816774,0.00891699313792937,0.00122123435717736,0.00901785413600775
"2762","12/19/17",-0.012775911311681,-0.00102260006200705,0.000548087758071247,0.000316786820094839,-0.000739623424429903,-0.0173275477563194,-0.0212518801292999,-0.00529666560172726,-0.00197963360587317,-0.00128407935080188,-0.00453959490270273
"2763","12/20/17",0.00365005122008655,-0.00185547758909854,-0.00116461759487108,0.0153051268181852,0.00229513681060634,-0.00703633294035177,-0.0115723169455082,-0.00107683699336525,0.00439262019884246,-0.00199266862104719,-0.0019951828554996
"2764","12/21/17",0.00683271503060889,0.00647409571349034,-0.000205521816366905,0.0212079505360268,0.00251114909671801,-0.0110134042757193,-0.00387340966665728,-0.00251571722330723,0.00169268066682049,-0.00154590311173441,0.0087106049567125
"2765","12/22/17",0.000109444871080555,-0.00229264085881553,0.00192053768428857,0.00335951092644349,0.00338943122450375,0.00146759175538169,0.00689067917269748,-0.00120082871695093,-0.000422368740603307,-0.00277403502271345,-0.00226491938683981
"2766","12/26/17",0.00383064550323087,0.0012127603664549,0.00171167919623816,0.0102475397485804,0.00044062688608637,-0.00517200309593913,0.00501043370045995,-0.00697359131799746,0.00147941912902749,0.000452902369306951,-0.00368902909881297
"2767","12/27/17",-0.00272574043237783,-0.00204030871734706,-0.000820152433009702,-0.00391678164674525,0.000733927115865729,0.00424573652839033,0.00328316409572293,0.00157395100459645,0.00246180935479945,0.002521597192505,-0.000569642125030634
"2768","12/28/17",0.00470094118342157,0.00300261171766447,-0.00047891849360715,0.00131064424263339,0.00491416208817008,0.0058671483536108,0.00533258047241381,0.000906710850818726,0.00210533060243945,0.00135468265522154,0.00413222276599678
"2769","12/29/17",-0.00816084850159515,-0.00656051007743985,-0.000547375698677355,-0.00362500619242789,-0.00226252728485055,8.57305459844859e-05,0.000361703216873233,-0.00519350157098253,-0.00308120936027434,-0.00714974523508571,-0.00610190675522748
"2770","1/2/18",0.00526591784546659,0.0134000863573818,-0.00493011816307032,0.0179889362570136,0.0155814204021867,-0.0085770404436617,-0.00373590580799454,0.0136586409265556,0.00709428098314713,0.0124560459691121,-0.000713831354474892
"2771","1/3/18",-0.0157153356417443,0.00506133248539054,-0.00103228113663822,0.0151890866101363,0.00655497725256526,-0.00804567379772725,-0.00290305695623849,0.0104203339372579,0.00327807708341488,0.00993221899005348,0.00314322474370621
"2772","1/4/18",0.00643084383610804,0.00239203311839842,0.00323759811614832,0.00537846726530233,0.00665519635075906,-0.00784931538708222,-0.0172267053963303,0.00574937136586584,0.00750773425980622,0.000253644803025921,0.0105398371555279
"2773","1/5/18",-0.0022033172600705,0.00803816564879267,0.00336457946073088,-0.000291828400149519,0.00810393416773314,-0.000175839495947017,0.000493755184533429,0.0106663587718729,0.00558903504683306,0.00786560084288079,0.00267790978078852
"2774","1/8/18",0.00585170595098838,0.0015575172482265,0.00301103060759988,0.00564309886653702,0.00176303499449482,0.00896782723886136,0.0051818903534866,0.00478141353874451,0.00439132496112515,-0.00478305337672258,-0.00140568853224687
"2775","1/9/18",-0.0081228461776911,0.00111953494389772,-0.00143303736642764,-0.00222524552522418,-0.00394203012791805,-0.0100208453390944,-0.0128880906458739,-0.00255346689349878,0.00409901079270591,0.0123947536828004,0.00816451351754144
"2776","1/10/18",-0.00907494509928919,-0.000994072759046172,-0.00621747573637066,-0.00155136809328271,-0.00381616931958029,-0.0126749700576999,-0.0111912256191787,-0.00325815657163864,-0.000816493039828892,-0.00118694506058292,0.0072604043985296
"2777","1/11/18",0.00904629277655222,0.0169787276937818,0.00034375310314938,0.0207827155806719,0.0156071606657786,-0.00267442351207181,-0.00339546532520529,0.0065377025579445,0.0138226058560178,0.0051283960716515,0.00651513293099004
"2778","1/12/18",0.00741561860779094,0.0111299873175983,-0.000137455409625287,0.00837224645839707,0.000838272537207363,-0.00572095040801957,-0.00807564991537413,0.00574090178174114,0.00826121053745688,0.00696856698303816,0.00798797753565372
"2779","1/16/18",-0.00900888254459287,-0.00749959394119881,0.00474300189700916,-0.0122653418072238,-0.012423259581179,-0.00242748131775072,0.00190816189942833,-0.00449742424162825,-0.00965900253468388,0.00154477205278258,-0.0046455027600244
"2780","1/17/18",0.00210639948477498,0.0053625364462011,0.0115618580112034,0.00764156065725086,0.00445225293825935,0.00675918488195548,0.0069832684244957,0.0152910837137037,0.00544832493608705,0.0100561874518519,0.00837332132779212
"2781","1/18/18",-0.00287645489471577,-0.000727247414885279,-0.00358457900591791,-0.0083419406339208,-0.00253284084889127,-0.00644528002735856,-0.0128609903389229,0.00199664112248388,-0.00515115256402043,0.000244272253252076,-0.00231416554295094
"2782","1/19/18",0.00665708145377231,0.0097659105742478,0.0118781767028813,-0.00105151672183434,0.00811170611928436,-0.00162177044304535,0.00536466477934572,0.00210656308758783,0.00457254751629788,0.00464090500562109,0.00791386334425326
"2783","1/22/18",0.0195084005802679,0.0099115515294097,0.00757991595440921,0.0210525704928419,-0.00202901852407378,0.0016244048548264,0.00914754082567115,0.00772686051720628,-0.000267605047207464,0.010089917697482,0.00744555564954097
"2784","1/23/18",-0.0121081199944703,0.0074948626568736,-0.00272964066653347,-0.00037486062265002,0.000210343267064372,0.00900986079250621,0.0138486084577678,0.00608895926719133,0.00133899915180757,-0.00228661193388979,0.000940661919979213
"2785","1/24/18",0.00481507040521945,0.00354214885842419,0.00133507694045076,-0.00356271511266859,0.00350473779522931,-0.00428601107651083,-0.00521535137272611,-0.00890996482238682,-0.00200601792395227,0.0018093446201326,0.00496701183820702
"2786","1/25/18",0.00500978973764021,-0.00223545202664532,0.000600195853673435,-0.00875039442880643,0.00656628013186955,0.013541245668379,-0.00174776182311398,-0.00260094242860176,0.000335135010642862,0.00830834379314416,-0.00213735112125157
"2787","1/26/18",0.00769392719396222,0.00837255565296124,0.00506368436463056,0.00579013946534879,0.00298379728050735,0.000176990814797273,-0.00350124859086232,0.0158162949184657,0.00984592875927848,0.019166374699356,0.00575628099836245
"2788","1/29/18",-0.00914059691353986,-0.00333287577216712,-0.00483941488730799,-0.0156662389520499,-0.0095482676017864,-0.0124734445705907,-0.0134269263349944,-0.00825940125415792,-0.00596944437264257,-0.00128881904711231,-0.00399292847617128
"2789","1/30/18",-0.000542825696225324,-0.00510416520112023,-0.00639490401896703,-0.0216683277131997,-0.00936075314183327,0.00143327774191371,-0.00725007924043208,-0.0100163952416666,-0.00834055770041164,-0.0200621761982879,-0.0112255743733481
"2790","1/31/18",0.0010859178521081,-0.00342026216911151,-0.00415659542236901,0.000294030555993752,-0.00176281869064532,0.0102872061438439,0.0179371839088687,0.00704829329644152,0.00195131592148035,-0.0146662070912343,0.000675723076316803
"2791","2/1/18",0.00846079989313231,-0.00976326253624504,-0.00437579357400897,0.011756487608575,-0.0117972142797839,-0.0149637001209689,-0.0215230047020797,-0.000733757030213167,-0.000201343862894943,0.00133650360723347,0.0103999593140989
"2792","2/2/18",-0.0216198247084499,-0.0103377397114234,-0.019744466535823,-0.0429938836989794,-0.0263062913141161,-0.00808997549714585,-0.00848979137079853,-0.0281291494252512,-0.0216954399910662,-0.0146828020537655,-0.019917195101817
"2793","2/5/18",-0.0351803276805629,-0.0337518957228661,-0.0350417821575137,-0.0410808212258491,-0.0335511140789704,-0.0187584050191248,-0.0297094036872367,-0.0391142865589853,-0.0456574168205938,-0.0437191828100617,-0.0475995570945738
"2794","2/6/18",0.00239273929515393,0.0225582814110188,0.0100793862485724,0.0100242599296427,0.0252203766877133,-0.0133911878725508,0.000133764585060758,0.0252827109092661,0.0172661485174219,0.0111397489710321,0.0148933837142637
"2795","2/7/18",0.00250104017517305,-0.000488859603095526,-0.00396319518937527,-0.0182823434011938,-0.0081507359190609,-0.00318274527954754,-0.00427820461388506,-0.0112087541885582,0.00254604820763138,-0.000190955741702692,0.00324524858004183
"2796","2/8/18",-0.0343576721715949,-0.0393127803955816,-0.0209605796535817,-0.0323508564642958,-0.0346629805257145,-0.0124893559817161,-0.0287324380386748,-0.0411668981327157,-0.0378809596913054,-0.0349044228601239,-0.042194048926289
"2797","2/9/18",0.00199624830648792,0.00585497163094195,0.00217716253420863,-0.00142956940565109,0.0136203330731586,0.0226321437783688,0.0250206466901803,0.0241426397880649,0.00975145823185586,0.0118797084533524,0.0177679053214461
"2798","2/12/18",0.0111332663004922,0.0136666886675061,0.00970375985054361,0.0180616278827113,0.0208426646159645,0.00716016093133498,0.000404416518704043,0.0178627596013183,0.0151031504790329,0.0110225656506766,0.0126966232855121
"2799","2/13/18",0.00336113097536783,0.00493087496856415,0.00394474380193799,-0.00443539901904988,-0.000598355348657376,0.00313911074622331,0.00701006248309666,0.00310393316232505,0.00228878654880194,0.000387098828558585,0.00512899995624916
"2800","2/14/18",0.00277221475216716,0.0157763238591333,0.000785806026506908,0.0164078405111532,0.0163137058447769,-0.0106764283600164,-0.00722877674569344,0.0204105608367662,0.0132745117856046,0.0134776617260941,0.0226788861544129
"2801","2/15/18",0.0229237865582672,0.00953917576275476,0.0152045091300774,-0.00171067324022467,0.00640607500789869,0.0216764051072955,0.00970854993425729,0.0193024384930265,0.0134525647320343,0.012280653598741,0.00623702743486598
"2802","2/16/18",0.00450448638809831,-0.00460333655382361,0.00548451815046147,-0.00235578112029367,0.000146338329894968,0.00837732363250088,0.00547559118149454,-0.00251720936404154,0.00111196751226972,0.00578276359137431,0.000550982065079531
"2803","2/20/18",-0.0128923394445161,-0.00425949596459463,-0.0217483752686523,-0.00579645722095168,-0.0054864805284397,-0.0127325100321105,-0.0118208951699629,0.00246628024442663,-0.00999663428606978,-0.0104992806987083,-0.00399228250432049
"2804","2/21/18",-0.0161271807320064,-0.000977824636039792,-0.0123668336468322,-0.0160873945621306,-0.00345725868565872,-0.0132626464714645,-0.0197580587339491,-0.00497765295599761,0.000982013599270859,-0.00284216382569435,0.00082940688884503
"2805","2/22/18",-0.00704173127358221,0.00128464750629464,0.00217155622880361,0.010863667777286,0.00524073121306556,0.0047274346834012,0.011380720524129,0.000345089229952578,0.00497360344707753,-0.00304048952822555,-0.00925301941498635
"2806","2/23/18",0.0215068286605578,0.0131957104647398,0.00989449022041899,0.0224706331074824,0.0124824455895862,0.0258327209704501,0.015997852839978,0.020348277157316,0.00836457114558642,0.0158197554930375,0.0143574067123895
"2807","2/26/18",0.012859906471645,0.008200146812261,0.0062217693931077,0.00605161841077151,0.00471398011465585,-0.00332758357394114,0.00280214066586781,0.0149286934789914,0.0117517352607606,0.012195843317121,0.0129174567817234
"2808","2/27/18",-0.0134832078945611,-0.0206328622114978,-0.0130063468685375,-0.0138244693442667,-0.0137143147125809,-0.0162426000440304,-0.0232868140441621,-0.00915851234539733,-0.012229910282756,-0.0106277710967767,-0.00963228987806608
"2809","2/28/18",-0.0100227235501585,-0.00610634223601059,-0.00993740265845411,-0.0250399974387995,-0.0181500210184391,-0.00660423676319877,-0.000681130020962817,-0.00655436569596324,-0.015148518228012,-0.0151135889912797,-0.0132877815859378
"2810","3/1/18",-0.00115050816442475,-0.0101376659032099,-0.00240010447481809,0.00043901505970112,-0.00626111660802953,0,0.000954375569616639,-0.0157323757219073,-0.0160837923238384,-0.0154088639366102,-0.0145771667419715
"2811","3/2/18",0.005874216553726,0.00198616463267487,0.00882155322161582,0.00559522131239776,0.00127508653515096,-0.00304704817850165,-0.000408767465391868,0.0111714496482831,0.000214020383257019,0.0119789427203203,0.00464909095148358
"2812","3/5/18",0.0116798350476561,0.0104070045301223,0.0099011603152992,0.0126554824512182,0.0104877711108111,0.0189866947319171,0.0113096053858366,0.010254987283415,0.0115616722609233,0.00948251195024286,0.0140233314191387
"2813","3/6/18",0.00282961752846056,0.00815400903764441,0.000787148291250706,-0.000646385183178277,0.0119354904704705,-0.012088783976119,0.00471568668588396,0.00336495834080464,0.0059262423993991,0.000756571486384194,0.00539346022515352
"2814","3/7/18",0.00677212167048946,-0.00595970162709625,-0.00822307538398281,-0.00808538668863801,-0.00197791808572834,-0.00579631106212686,0.00616879643324864,0.00631608588595456,0.000210397438956234,0.00503961132315678,-0.00055021005460687
"2815","3/8/18",0.00280248089695023,0.00299771630830836,0.00800287367889219,-0.00152159584670974,-0.00139479130405951,0.00694058093300187,0.00186577335708371,0.00388810762890635,0.00525935974748215,0.00695748442394284,0.00151386119626307
"2816","3/9/18",0.000894495554415009,0.0146386963153415,0.00650886997407274,0.019048600558957,0.0172744075837683,0.00257331316314424,0.00545436823092849,0.0197519425233157,0.021484219654095,0.0146282313161064,0.0226742982429686
"2817","3/12/18",-0.005137930391381,0.00282545843747184,-0.00106591543610424,0.000534091979687679,-0.00108385027551694,0.00513342597564326,0.00436630801950266,0.00352676446394251,-0.0094235699545504,-0.00214744753645413,-0.00282191682576571
"2818","3/13/18",-0.00740984656909127,-0.00641418668546945,-0.00120943910787519,-0.00693932369009675,-0.00448501395187539,0.00227995380882673,0.000922065097276992,-0.0121108143664874,-0.00420520848823724,6.16093240777271e-05,-0.00956750184246713
"2819","3/14/18",-0.00588184280375625,-0.00319761771856186,-0.00997155250481596,-0.00569773444560862,-0.0137334450623673,0.00873519029639569,0.000921229537868218,0.000218885544035929,-0.010730457539324,-0.00485683040671325,-0.0115646143789367
"2820","3/15/18",-0.0055750890186258,-0.00115001991166797,-0.00755384831112005,-0.00551388933458274,-0.0110513722580765,0.000180364224237284,-0.000262875181720412,0.000219004212099971,0.0013996444209996,-0.00290353670113219,0.000688299507181744
"2821","3/16/18",0.0129300486488726,-0.000394670077731862,0.00149906942380396,0.00965088596760078,0.00117287912781161,0.00944204126249737,0.00697096072315539,-0.00116212128425985,0.00515407816197144,0.00023611939539725,0.00190463623171166
"2822","3/19/18",-0.0124229903342854,-0.0120314825965222,-0.0095915819326674,-0.0169068232616908,-0.0136546734007666,-0.0057616660467823,-0.00862073803975794,-0.0196476509248406,-0.00669724768295932,-0.0157093670228075,-0.00647457511516403
"2823","3/20/18",-0.00992495460269527,0.00479727793258267,-0.00308134521630987,0.00837844117483244,-0.00355552492706557,-0.00461786859679103,-0.00342549061837205,0.00100756292085458,0.00287946516261472,0.000883125049045086,0.00138650755868719
"2824","3/21/18",-0.00407976317154812,6.11843391740141e-05,-0.010965569066707,0.0285338466476339,0.0117675040123293,-0.00272904737205326,-0.00740356157311461,-0.00436215868455969,0.00224115982185125,-0.00239509989668307,0.000276965701842879
"2825","3/22/18",-0.0142790425995891,-0.0218508174407395,-0.00922705920060707,-0.0210459137671006,-0.031965353138378,0.00373988498633016,-0.00586041134174153,-0.026849507416783,-0.0322130864075024,-0.0283041915908249,-0.0351607007950233
"2826","3/23/18",-0.0176917585900997,-0.0180214923261304,-0.0119413241506205,-0.00651458954169548,-0.0179055351670191,-0.0143583442743339,-0.0178187951888286,-0.0266664878892703,-0.0154511258546292,-0.0198310161195983,-0.0299856367993454
"2827","3/26/18",0.00821950147182604,0.0275282434901944,0.0137578986753941,0.0171584911524094,0.0202051719825629,0.0106029311239173,0.0113766366808941,0.0379528788715777,0.0233205015441602,0.0206965671130226,0.0313564517808986
"2828","3/27/18",-0.00575475478608811,-0.0190386571945335,-0.00037484251873765,-0.0109595115196727,-0.010676121492259,0.0141410570235563,0.00381332432531067,-0.0339371315972311,-0.0147627409030422,-0.013907973046546,-0.019073673648171
"2829","3/28/18",0.00988790327046352,-0.0117587759604079,0.0130512771740128,-0.0181424501111358,-0.0108695607105355,0.000899622874204642,0.0250981764385518,-0.00987636124077884,-0.00305499870933545,0.00375679519307859,0.00277762666760784
"2830","3/29/18",-0.000955373723067976,0.0147134319089286,0.00784841997412378,0.0220182483646383,0.019052941188515,0.00494323724434387,-0.00119104283771698,0.0213833402391865,0.0149569708270574,0.0080761574297592,0.0128301590326896
"2831","4/2/18",-0.0204372608552295,-0.0288110391557159,-0.0246106377342277,-0.0214355255285948,-0.0228084308714656,-0.0086753026096269,-0.0135154342161466,-0.0240934874733789,-0.0216374511164159,-0.0248159576798996,-0.0214481410407591
"2832","4/3/18",0.00719863167945212,0.0132424044615107,0.0137832699325366,0.0212412480700219,0.0142902639094349,0.00478166041237138,0.00846212241093514,0.00904837667577474,0.0154297395091456,0.0137589804938376,0.0127978174288172
"2833","4/4/18",0.0165959270903628,0.0192196969636529,0.0154530667225108,-0.000649939051088233,0.00641837483318297,0.00161624551296335,0.0105221810938327,0.0132430132069252,0.00513745622404671,0.0154169299404829,0.0108933252975585
"2834","4/5/18",0.011558557871981,0.0140800952746056,0.00307300434328339,0.0195122567776638,0.0195207104394486,0.00806804854501042,-0.000395428737659409,0.00421999229406134,0.0100783361690677,-0.000973207163842305,0.00675272031539675
"2835","4/6/18",-0.0108374406310634,-0.0207648994050946,-0.00991983350562398,-0.0204147210134916,-0.0236477586505106,-0.00791464501467609,-0.0075159668187077,-0.0241626423265244,-0.0272967433522662,-0.0244201941194075,-0.0231198574028233
"2836","4/9/18",0.0015480045101437,-0.00227883078282287,-0.00110511304137295,0.00390748740839997,0.0048441979391507,0.0016134929938969,-0.00318831449479862,0.00681829792289235,-0.00271090519665906,0.0105850496769633,0.00306828133342951
"2837","4/10/18",0.0292510195747393,0.0124984878157548,0.00361391814077439,0.0350307944575279,0.0223154641786074,-0.0056380175083286,-0.00106634687474494,0.0245930612984819,0.0154288330350236,0.0186428937479306,0.0155839435902321
"2838","4/11/18",-0.00173289634817675,-0.00375954063822359,-0.00205774512457702,0.0113861805982887,-0.00692118702924283,-0.00171000432170909,0.00213485903583011,-0.0041163376549479,-0.00665657816256982,-0.00691980541471027,-0.0106125391103645
"2839","4/12/18",-0.00405047912374068,0.00320763801996327,-0.00161980966952513,0.000103309202542201,0.0101860820145876,-0.0117202066586813,-0.0111836473472159,0.0124584428865313,0.0128196233500939,0.00735885116554535,0.0163793221251467
"2840","4/13/18",-0.00429922219639089,-0.00495288478915967,0.00398280273957163,0.0120830079725165,-0.000227427972767202,0.00656819083886706,0.00525107835773375,-0.00396752582251236,-0.00258906269560755,-0.00109898050500179,-0.0142611850619069
"2841","4/16/18",0.0157544106944538,0.00800200104567406,0.0113869144359406,0.00928584167245861,0.0132704898892542,0.0140475006972449,0.00616128777406644,0.00692753489239739,0.0118248795362652,0.00666583251034791,0.00477415337156506
"2842","4/17/18",0.00850181938869476,0.0162519093186306,0.0026874353700781,0.00475164393020866,0.0120491792107202,0.0100097934702084,0.011714485651583,0.0207544314264845,0.00791004069503498,0.00964322936982986,-0.00158381813538166
"2843","4/18/18",0.00125309625616254,0.00522811296167403,-0.00695433231567955,0.0171061646128083,0.00739485523509176,-0.0035394920408347,-0.00210515853529514,-0.00168488792930688,0.00919103702221014,0.00114592441660166,-0.00360537992193033
"2844","4/19/18",-0.00614398662259452,-0.00465011810630078,-0.0272834072201561,0.000890393760904384,-0.0090288372079097,-0.00124320700275937,-0.014504344635808,-0.0117588344544046,-0.00343269316903227,-0.00864961542285403,0.014184278555023
"2845","4/20/18",-0.00400689055321135,-0.0108194801665746,-0.015749087554577,-0.00464573259101619,-0.00555547868146999,-0.00782434814037447,-0.00923189371530364,-0.0140050631491577,-0.0042883052241367,-0.00474747709588841,0.00156992081795226
"2846","4/23/18",0.00160914099547771,0.00229935467718301,-0.00167633340119977,0.00605762951744171,-0.00506520921873299,0.00250914137617753,-0.000810393785909636,-0.00415718963014422,-0.0017649462602588,0.00251404762953777,-0.000284900015087186
"2847","4/24/18",0.00309862027574725,-0.0143847906644046,-0.00511369501921433,-0.0109564979072423,-0.0235084116347659,0.00706176581351725,0.00378444912331832,-0.0189019038554311,-0.0259566659537236,-0.0087449219227137,-0.0041333059710178
"2848","4/25/18",0.00915215833696914,0.00371156496712821,0.00207129810059747,0.00918170306406285,0.00521356648041515,-0.000266207343744607,-0.00188502733446216,-0.00159574804872198,0.00196060515058005,0.00337312897473985,-0.00143139079572208
"2849","4/26/18",-0.0182518872844456,0.01504221785864,0.00497636350505792,0.0145370979614112,0.00594921585100683,0.0111870776958618,0.0130850486938476,0.0203031272451695,-0.0044933207180331,0.0124772627830718,-0.000429919936113632
"2850","4/27/18",0.00981518661123237,0.00271689726794899,0.00502759998371682,-0.0121843173436079,-0.00538329039353447,0.00948283719316967,0.017177134583237,-0.0042350502905687,-0.000800696537865409,0.00395881257644803,0.00186416398966038
"2851","4/30/18",-0.0301887650491043,-0.00437205590775602,-0.0065184736124505,-0.000197473746356036,-0.0126542019827511,-0.0034792227470809,-0.00392734276609452,-0.00396166074018944,-0.0136965493636834,-0.0146281053473402,-0.00930314014730915
"2852","5/1/18",-0.0140312215955627,0.00123697845200943,-0.00831622282484112,-0.00592176976944514,-0.00254797680500074,-0.00200759858526112,0.00906829237914253,0.0120494746166027,-0.00391495904322003,0.00103264928173763,0.00101127475556195
"2853","5/2/18",0.000478386939085196,-0.00574504994201519,-0.0180027126576745,0.00546053194393381,-0.00116117501111401,-0.00131182301089805,-0.00364672737463367,0.000289077278927463,-0.00682243828274331,-0.0116706416470692,-0.00995813335435536
"2854","5/3/18",-0.00681332267631019,-0.00378996552862965,-0.00242872375307412,-0.00345598183938844,0.00178257822592376,0.00166394448605267,-0.000653588657946069,0.00312005226508361,0.00186666381601674,-0.00822018457305451,-0.00714296137477799
"2855","5/4/18",0.00854502341310903,0.0126605756288081,0.0155500687309036,0.00663883206372562,0.0146205835674267,0.00419659446332687,0.0109875280425646,0.0188353684534268,0.0119241573749964,0.00828831606087466,0.0120394202784366
"2856","5/7/18",-0.00369946815153854,0.00424957163150208,-0.00541327021046023,0.00226412011401034,0.000609852176092662,-0.00452741101557619,0.00672794777673835,0.00864986199419837,0.00758600807720988,0.00104387162669539,0.00594805397936371
"2857","5/8/18",-0.0123367260369495,-0.00423158919012356,-0.00435427288475598,0.00982123378281852,-0.00274296907020755,-0.0234387479264666,-0.00501216502416046,0.00381133038789128,0.00694387903252514,-0.00742956350709378,0.00706651043530626
"2858","5/9/18",-0.00557844650385964,0.00301784345703315,0.0017961857297728,0.0193542198668153,0.0137529421833293,-0.00591086062635626,0.00671666343324606,0.0131220064550239,0.0099448945515781,0.00702557560073269,0.0130318635459734
"2859","5/10/18",0.0174390365292427,0.00313141588072829,0.0065481553395228,0.00734657305932362,0.00776295344105438,0.0129729903911049,0.00782652350015978,0.0119047374541827,0.00603763898524767,0.012453563272512,0.00777482315161016
"2860","5/11/18",0.00803054087888011,0.00244855722023463,0,0,-0.000373872371688844,0.00160093856001087,-0.00343731643342216,-0.00288657167777673,0.002428851410883,0.0151983015969939,-0.000701432688889003
"2861","5/14/18",-0.00570734728867672,0.000671631089263602,-0.000929432241796424,0.00729314062188835,0.00104731198696517,-0.00381819756316149,-0.00855893290103438,-0.00125641719082203,-0.00235187321646579,0.00621661758699155,-0.000842097624275562
"2862","5/15/18",-0.00621867746920246,-0.0050036642071899,-0.00294569974751357,9.39743356282996e-05,-0.00179358764068815,-0.00837865928639814,-0.0162351463674093,-0.00869622479381316,-0.00342899877700786,-0.0116629262123381,-0.000561909874143951
"2863","5/16/18",0.00348990450992437,0.0093217104031178,0.00800808319071655,0.0048890774428989,0.0129529955422152,-0.00710113028486292,-0.00301239256694896,0.00524135745415233,0.00444423843616826,0.00644242862342947,0.00182736319135213
"2864","5/17/18",-0.00119930249012112,-0.00243046286754633,0.00246819823637923,0.0159992185319822,0.00317826732380722,-0.0080572315637607,-0.0049921445993889,-0.00493959430003321,0.00435349400414609,0.00057046290100593,-0.00028064318005161
"2865","5/18/18",-0.000120088908288629,-0.000852774009288182,-0.00584735897180055,-0.00690676858985129,0.00206317685359192,0.000547580165633388,0.00132028011735907,-0.00386094421130168,0.00596899603306644,0.00259707109024565,-0.00785977007291183
"2866","5/21/18",0.00876574786844686,0.00524270101928215,0.00448866608055343,0.0100148827811153,0.00397051514699664,0.00510806736325242,0.0118670597844943,0.00780725484977562,0.0139152564009721,0.00037907078069388,0.00877068496401501
"2867","5/22/18",-0.000238131475330694,-0.00642818253951671,-0.00269656573070942,-0.0140470322919657,-0.00761676222992613,0.00408392165029658,0.00143351772061706,-0.00236243511573775,-0.012888294368932,-0.00284201459320854,0.00546913612323863
"2868","5/23/18",-0.00500064424281854,0.00701919684929764,0.00424904385910496,-0.00121054398227782,-0.00221408176471061,0.00912875750587516,0.0100195133361398,0.00771005858369,-0.00155267563614991,0.00373666693690833,-0.0062760823655843
"2869","5/24/18",-0.0015554992106761,0.00218181863701927,-0.000538567162231551,-0.0161289589706505,-0.00325449805375266,0.0075234433000988,-0.00206143660247626,-0.000710345431303439,0.00516006576712336,-0.00290248649893421,-0.00631583515551704
"2870","5/25/18",-0.0103068729681987,0.00163294232838807,0.00138553603153713,-0.0261537325473622,-0.00467484693502174,0.00426710359132509,0.00348579365982959,0.000218615414625756,-0.00133611801949773,0,-0.00310725074952745
"2871","5/29/18",-0.00363280440905545,-0.00615865350703215,-0.00215214693135579,-0.00233536135650247,-0.0143891138952262,0.00159328138987647,0.00475984202841739,-0.0056318248469921,-0.0140131711837279,-0.00930249941355787,-0.0307452562341071
"2872","5/30/18",0.01543517735177,0.0095382178672665,0.0138653267371054,0.0322832719120152,0.0121786020757746,0.00830750850305306,0.0135725222166505,0.00736827699981402,0.0133553298161204,0.014244624046359,0.0184182501305947
"2873","5/31/18",-0.0116099262856837,-0.0056567926698653,-0.0152712759843625,-0.0083144286323843,-0.00904271525261535,0.0010518358336038,-0.0034108288525726,-0.00103707934242336,-0.0141659625332132,-0.00925817077064017,-0.00803789970487478
"2874","6/1/18",0.00775011904297229,0.00804928806912808,0.000231461760652252,0.00409688930180874,0.0128205458473858,-0.0147972933119469,0.00443647584928986,0.0180865960937642,0.0109380631739635,0.0107432167269323,0.0102736033742001
"2875","6/4/18",0.00492662530548116,0.0119477432639228,0.00802214559489856,-0.0102476288681258,0.00454198480788026,-0.00702090737819483,0.00870780278779892,0.00837265986899394,-0.000141411516499823,0.00433954464444897,0.00429669142795053
"2876","6/5/18",0.00346769011966286,0.00599219989094024,-0.0034434829959501,-0.00230096142511294,0.00748655633970641,-0.00707061373958262,-0.00262728462724249,0.00548224579019974,0.00360689977808981,-0.000250516472818263,-0.00399326714178772
"2877","6/6/18",0.00440895131395536,0.011264502883412,0.00046071964417882,0.00355529199347981,0.0165538359991309,-0.0202812724806644,0.00238336112482074,0.00576987900871617,0.00824540055900558,0.0106483753629965,0.0176117461478409
"2878","6/7/18",0.00320329371452766,0.00204126087913226,0.00521916629856611,0.0167561403934868,-0.00521090582295436,0.00450825978804748,0,-0.0113157828620926,0.0025161013411279,-0.00198321643607835,0.00211061059559658
"2879","6/8/18",0.0024834137775156,0.0028516867626176,0.0126746871328245,-0.00310777185903932,0.002764614641807,0.000183200778917758,0.00362895972040334,0.00015973622047194,0.0041136058695137,0.00701728520330525,0.00252754767532393
"2880","6/11/18",0.00530862021228451,0.00429463600476532,0.0075397010683993,0.00396750357009568,0.00166878451747698,-0.00457875505500538,-0.0014962011994788,-0.000106502551552645,0.00201347715658451,0.00117175581386286,-0.00280120721631161
"2881","6/12/18",0.00633630168959121,0.00572095443043263,0.00217024887551398,-0.00686860253040888,-0.000217391291503111,0.0126034952772776,0.00599400713906717,0.00670713041156534,-0.000484944849536539,0.00153985184668448,-0.00463479879100104
"2882","6/13/18",-0.0131762471422547,-0.00247073531816933,-0.00358436929914996,-0.00350543065679954,-0.00978051707058181,-0.00299812245741338,-0.019488573391148,-0.00195653266806151,-0.0083889089766741,0,-0.00268104978171924
"2883","6/14/18",0.0191422587542278,0.00702719810447405,0.00262286030136827,-0.00313746809630755,0.000878009197271545,0.0115728645978324,0.00949488936373077,0.00535104623778837,-0.00230714046468394,0.00541195091357527,-0.00806452546247749
"2884","6/15/18",0.00579701114254583,0.00263098806031881,0.0124823904310627,-0.021650036225048,-0.00628648301835866,0.00693621772280917,-0.000627123546635078,-0.00379434055084416,-0.00154169326215392,0.00293621171118419,-0.000427835036435731
"2885","6/18/18",-0.0029971458350101,0.00131226154062158,-0.0127713266388711,0.011795732985217,-0.00220691526569761,0.00447307288273802,0.000278700146600031,0.00148132412050983,-0.00217580395624939,-0.00872159126147032,-0.000285423255461548
"2886","6/19/18",0.00578093752945463,-0.00358933730763711,0.00523445994647598,-0.00163784967987635,-0.017546397791836,0.0106876054305243,-0.00101298832524233,-0.00691959978131718,-0.0184285609202791,0.00332234435792977,-0.00171278035823097
"2887","6/20/18",-0.00057465996157946,0.00331642697005696,0.00126466752408905,0.00627279591186092,-0.00142583526016582,-8.81704019221052e-05,0.0111533323223085,0.00276577313518356,0.00150477933918736,0.00441525077176719,-0.00157295563099913
"2888","6/21/18",-0.00828158597297213,-0.00757972431103282,0.00170872484721318,-0.020523699021392,-0.0105207502651095,0.00326077255221024,0.00476326079449696,-0.00885797465708527,-0.0120206206298101,-0.00702121136656197,-0.00300707378378862
"2889","6/22/18",0.00614706433255008,-0.00361778749442465,0.00763923859255855,0.0235974666904168,0.0128352362420403,0.00685181549994995,0.0078592449500603,-0.00529808543918342,0.00260725102449233,0.00276696927634901,-0.00531471929016636
"2890","6/25/18",-0.0125647627312307,-0.0201139896003608,0.0042691317096073,-0.0223837420480429,-0.0155969976670634,0.0145697835342817,-0.00259934947506058,-0.0231344370679589,-0.0138686953634265,-0.0107916690046476,-0.00967504181094969
"2891","6/26/18",0.00128401407170853,0.00705790041742049,-0.00278523767297689,0.0152641939860583,0.00472268105417872,-8.59599678187939e-05,0.00322658842554069,0.00528717723619887,0.00351579169343497,-0.00223143227675149,-0.00364531961974734
"2892","6/27/18",-0.010026785885493,-0.0133161907955608,-0.00463028840602975,0.0144564737514323,-0.00523119125286309,0.00567601232157933,-0.00383478248774693,-0.015339868506568,-0.00839412230006564,-0.0116170660039822,-0.0136104491367558
"2893","6/28/18",0.0132749797363714,0.00576640711582144,0.00154280841899568,-0.0022368920184912,0.00421293965697056,-0.000293381906908419,0.00894078931520959,0.011425835488081,0.00145598827299986,0.00290278781043085,0.00745822418212927
"2894","6/29/18",-0.00398776176594895,0.00159425661965185,-0.000892917951698879,0.00670638520538036,0.00350871876359893,0.000604053357899481,0.00246148225269383,0.000606812493552322,0.00236193391271988,0.00132139740614612,-0.0013326970592451
"2895","7/2/18",0.0031795076027159,-0.000176916496627211,-0.00484106958532293,-0.0168444296257996,-0.00410457535412312,0.00758879681241065,-0.00552481533110893,0.0104740667121124,0.00279799464331609,0.00433575095464045,0.00593047786847145
"2896","7/3/18",-0.00516494944573798,-0.00365566577798859,0.00179612710978105,0.00822781606639733,-0.00152632979488476,0.00256760220297814,0.00753097363379052,-0.0111293372582925,-0.00256999438790362,0.00325344778808878,-0.00766402064556615
"2897","7/5/18",0.0193509681709978,0.00473430858605206,0.0147168928633967,-0.00172814902296203,0.00947847395855006,0.0062319392265926,0.0118857390974503,0.0131303450662072,0.0062573942901365,0.0104146916091052,0.0029703497644249
"2898","7/6/18",0.0113440292148657,0.00806921990996834,0.00294477166420881,0.00740520204500394,0.00477069819769316,0.00822927163585385,0.00532814736167619,0.0119255340486717,0.00299948810236006,0.0139489390855683,0.00488678822387523
"2899","7/9/18",0.0043493044243843,0.0105170741800358,-0.0046244792596275,0.0160382160258792,0.0102492977025519,-0.0306293694054487,-0.00794987544934544,0.00866383544287341,0.0172866689814322,0.00657412771892218,0.0226938855867913
"2900","7/10/18",0.00319089794299976,0.00231295148212474,0.0107670337300181,0.00629524968453277,0.0068632496281722,0.00902774532144557,0.00206414753365802,0.00202732806246275,0.00207929180600086,0.00320514798391658,-0.00446686315655198
"2901","7/11/18",-0.00965587228239451,-0.00403812672018633,-0.00364803301283723,-0.0218487014900893,-0.0152626670946837,0.00808675369078027,-0.00327150461675796,-0.00527105510051862,-0.0150257338837756,-0.00675145758591045,-0.00535539871443935
"2902","7/12/18",0.0106676284769083,0.00608161452023226,-0.000366131529723757,0.000859052476414268,0.00112840963833905,0.000768081499711082,0.00303916552991845,0.0169673703235986,0.0101699671424054,0.0114705839592155,0.000291086044875044
"2903","7/13/18",-0.00249685616558448,0.0040876098824234,0.00461499321284142,0.00505479646179152,-0.000225355880785538,0.000341085250748385,-0.00302995698908004,-0.00126318811637938,0.00582484529413763,0.00137998124755301,-0.00523726951260284
"2904","7/16/18",-0.00261692531121194,0.00120395962720976,-0.00517720900598651,-0.0120515821365298,-0.0087198355077307,-0.00161966577887818,-0.00534887404348294,-0.00347805445318528,-0.00586269563048736,-0.00695069163337592,0.0159404831040311
"2905","7/17/18",-0.00182525381370491,0.00652850598137,0.00828257862850346,-0.00364990120259678,0.0136498311312319,-0.000682991767531838,-0.00659996323627898,0.00814381340079362,0.00474660004425886,0.00645624829220859,0.00230304988895647
"2906","7/18/18",-0.00594285024195929,0.000341411950160131,-0.00683343960949712,0.00144594459748815,0.00201988815050003,-0.00487014514670081,-0.0044290555227533,-0.000577056447947477,0.0104502567504303,0.000179934719868324,0.0133562097389328
"2907","7/19/18",-0.0078178907339862,-0.00273008218559656,0,0.00048131841108523,-0.00545014565146273,0.0099596071928918,0.0117398837232634,-0.00104962972205702,0.000283349122841781,-0.00383625450719371,-0.011479373107301
"2908","7/20/18",-0.00382387047594113,-0.00450550314278553,0.00556311699047463,-0.00461846527334675,-0.00412880597573062,-0.00722605129302001,-0.00964937481831185,-0.000683086555830492,-0.00134566352893473,-0.00240694968314503,0.00243721298552679
"2909","7/23/18",0.00221014803738351,-0.00223431833856857,-0.005823419728475,-0.0035766380001877,-0.00407065505493365,-0.00650800493328141,-0.00209663195558996,0.00394323796606799,-0.00531836165037569,0.00271437538624841,0.0122997004343195
"2910","7/24/18",0.00800824694867419,-0.003215407161828,0.000439356183673301,0.0111564580207195,0.0105207142743275,0.00275820453139564,-0.00506742190746445,-0.00151861227418548,0.00163974019942614,0.00493262089620639,0.00155409080629854
"2911","7/25/18",-0.00195737796512063,0.0080644425767511,0.00724535848799279,0.00959413089617045,0.00629177388709401,0.00171915589934524,0.00795024663327082,0.0144234558731695,0.0123132465994789,0.010954142730883,0.000705453571740566
"2912","7/26/18",-0.0159205739228084,-0.00948579099431457,0.00653918273281762,0.00883785636263457,0.00654994127654485,0.011154861291045,0.00332763780358869,-0.00346412569482168,0.00885881408411837,-0.000651306100301174,0.000704741205383552
"2913","7/27/18",-0.00762020515064366,-0.00426896731954307,-0.000216644640454344,-0.00649971795329574,-0.00369748375023393,-0.00424302523063924,-0.0106866488658045,-0.0194561891003472,-0.00209070937808831,-0.00977604870468907,0.000281907128299119
"2914","7/30/18",-0.00507980539930719,-0.00741602235994787,-0.00180499347281393,0.00995546441542339,-0.00282026284686776,-0.00596554903523039,0.000620670217331476,-0.0179375437256841,-0.00872971116066978,-0.0016753005414849,0.00014051996540787
"2915","7/31/18",0.00237477994303847,0.00461122427730087,0.00470159292446404,-0.00281636495775095,0.00841073566615758,0.0108024938783655,0.0167516379627124,0.00301733733679632,0.0211356663207269,0.0105483149058785,-0.00577286786473219
"2916","8/1/18",-0.00260607745424046,-0.00528735744866182,-0.00986315220238032,-0.0119563436017966,-0.00974308621602105,-0.00839694388741352,0.00707826214967699,0.0114954893616208,-0.0113839879436821,0.0023130672505467,0.000708250950001377
"2917","8/2/18",0.00760103394076284,0.0109814241607789,0.0125791085997651,-0.00409724541179868,-0.00760280793544021,0.00632969588241172,-0.00399902248983475,0.0144449738143189,0,0.00514786395808797,0.000990642291439858
"2918","8/3/18",0.00459692743385198,0.000866518660227245,0.0130691405552221,-0.00459238511213145,0.00848741037112855,0.00892477496894162,0.0108286154200163,0.00256515679545299,0.00132601672818478,0.00388529210541688,0.00381722620800673
"2919","8/6/18",0.0141969266876265,0.00617689772130658,-7.08325899136941e-05,0.00432521370152372,0.00134031260435519,0.0016849150915812,-0.0013240264450517,0.00590042325511142,0.00216052359534502,0.00175931271464091,0.00309855039903084
"2920","8/7/18",0.00138805428641242,0.00613879840575748,-0.00510393229371653,0.00602936625244266,0.00148761763547567,-0.00151387197434816,-0.00180786277875478,0.00399712263913243,0.00681549945637161,0.000234071316417062,0.0037910781531918
"2921","8/8/18",-0.0023103956474384,0.00313623180840206,-0.00676891502690724,-0.00770545200287354,-0.00252507968443461,-0.0043800377858022,-0.00579577337877457,0.00191304209434051,-0.00435168974118127,0.00122906127224343,0.00279760486088731
"2922","8/9/18",0.00845289224549384,0.00267154630324606,-0.00329970840698657,-0.00843640199820683,0.00282942181723134,0.00524526319431184,0.000485782039298499,0.000928968036340017,-0.00409319897472149,-0.000584583801228833,-0.00446369151356973
"2923","8/10/18",-0.00677459235237499,-0.00617937212829855,-0.00381467671455171,0.00560767582528876,-0.0132899097566229,-0.00462886527626372,-0.00764746507866232,-0.0065477560142253,-0.00689664122378042,-0.00403550991269064,-0.00994798442311529
"2924","8/13/18",-0.00196520479961382,-0.00524806205401473,-0.00043343680727348,-0.0140370619204451,-0.0107598498255557,0.0012683089960579,-0.00195724042235279,-0.00186836722389849,-0.00589230766899729,0,-0.0089160828894046
"2925","8/14/18",0.00938247535078518,0.0103220937070687,0.0067943085261748,0.00321779306413994,0.00714983472710307,0.00312449231310996,0.0049025638131166,0.00655125027274006,0.00712665724632799,0.00551991621118386,0.00913889720822181
"2926","8/15/18",-0.011590558032924,-0.0115789315958601,0.00358962912862104,-0.0363530090649125,-0.0161618535176035,0.00681876690260652,0.00768401829796939,-0.00883307283574375,-0.00574500786101051,-0.0030366653358056,-0.00721655583906555
"2927","8/16/18",0.000580596627807184,0.00505329933464393,0.0139496185817731,0.00776680587508283,0.00706215598966242,0.0114548367686382,0.00810937243064047,0.00614964880867541,0.0114861824383354,0.00925530740064384,0.012257509965607
"2928","8/17/18",-0.0013925110776698,0.00125712720720705,0.00747842362895579,0.00320293137752148,0.00716521150531935,0.00462922355260464,0.00924470530469246,0.00352228639220487,0.00640942016214785,0.0037728323720434,0.00295707786231336
"2929","8/20/18",0.00104588649872261,0.00713304654680957,0.000210052402257688,0.00788178617605517,0.00597892742339901,-0.00287996655763967,0.000713898519940637,-0.000929159778055522,0.00560711604483877,0.0042209887736282,0.00308854526059976
"2930","8/21/18",0.00417873046899508,0.0088390510959464,-0.0069313575044514,0.00633548597244049,0.00609387175649445,-0.00668421494716021,-0.00606277034051239,0.00216981754771739,0.00908639509229414,5.7601744595237e-05,0.00517850991266866
"2931","8/22/18",-0.000924717924856933,0.000393056851438978,-0.00556963400074273,0.0130827181205,-0.0032152605208966,-0.00714461091938889,-0.00562133619821481,0.00510374171050199,-0.00845883066461228,0.00282129020359378,-0.00278475022307012
"2932","8/23/18",-0.00520660200287271,5.6274599104178e-05,-0.00205599030475279,-0.00446643938272717,-0.00847722237632353,-0.00108786743115619,-0.00252587728028453,0.00317994029374269,-0.00454075278142885,-0.00120568693956646,-0.00502656796341194
"2933","8/24/18",0.0136079323312912,0.00106661358695126,-0.000710406577533407,0.00731503756000795,0.0125596688183403,0.00460715182674676,0.00590864230282628,0.0114525721544114,0.00463043905082672,0.00442627414495167,0.00224519909039955
"2934","8/27/18",0.00734355516248408,0.00515918133204929,7.09354740919821e-05,0.00677766328165741,0.0135245326707378,-0.00700411889713748,-0.00359623307769807,0.00768340711904236,0.0110761372251884,0.00515089771429178,0.0110613903268368
"2935","8/28/18",-0.00284773529447468,0.00200851422981763,-0.00298563871415425,-0.00500104253495437,-0.00331767121079318,-0.00226715089670082,0.0134743167971443,0.00476543617650194,-0.00163310590413612,0.00142333236095848,-0.00110778833141345
"2936","8/29/18",0.00479781779667987,0.00913138311460404,0.000427859313257617,0.00715252566599145,0.00636153165067377,0.00715361238524848,0.000237547665031368,0.0095856090100368,0.00204453674785299,0.00670908099776968,-0.000693227206570612
"2937","8/30/18",-0.00545690259407272,-0.00750385549884158,-0.00277951864642345,-0.00326291001125445,-0.0109518725602671,0.000919286429131416,-0.00640874362247446,-0.00242308500817479,-0.00693727046607695,-0.000508163882179447,-0.00707548683982939
"2938","8/31/18",-0.00765902642826077,0.00567041655507716,0.000929163856844939,-0.00751014281048834,-0.00237813050038416,-0.00434126801806545,0.00394170216656797,0.00530411780952256,0.000410886212780071,0.000508422244000828,0.000139747333297358
"2939","9/4/18",-0.0095610916274792,0.00370378173868091,-0.00221360299027051,-0.00349237228736177,-0.00744928459298988,0.00469559919580331,-0.011897726919501,0.00142995142273428,-0.000205410796843442,-0.00666436920497449,0.00461029298053739
"2940","9/5/18",-0.0122120882567995,-0.00853671161533076,0.0106625947128975,-0.0023365039649923,0.00637934201813217,0.0124352410128992,0.00577963557590522,-0.0155597366026833,0.00520420980951664,0.00119395886509266,0.000138973429329781
"2941","9/6/18",-0.00706460300344003,-0.00588831458720507,0.00339891396850911,-0.0202965735781157,0.000745809488046145,0.00552317542621106,0.00287315599575577,-0.00535172093024194,0.0031333799955604,-0.00107900109358916,-0.00542270356152585
"2942","9/7/18",0.00249004319173629,-0.00150865103358855,-0.00275216631104747,0.000199106970326657,-0.00611083514023625,-0.0114773082977291,-0.0108630710176425,-0.00306743961140299,-0.00359907789485114,0.00136454133375574,-0.000838654303860764
"2943","9/10/18",0.00272071994501499,0.00582011533394167,0.0035380653859336,-0.000398287312656898,0.000749828186719537,0.00497586726574673,0.00446553396090521,0.00368214780420706,0.00654268761295218,-0.00329288375978165,-0.00125941446142974
"2944","9/11/18",0.00896540627881404,0.00695493985766893,-0.00239747986238592,0.0119545611719734,-7.48118571489709e-05,-0.0019804533840202,-0.000120208930347587,0.00633230437307963,-0.000744838149742799,0.000911394348561911,0.000840644643455457
"2945","9/12/18",0.0010522849697292,0.00077347604454614,0.0112383595415457,0.00580820149780803,0.00127386560486387,-0.00066147804826,0.000480645159327331,-0.001947679209233,0.00230380314287815,0.00409736132318228,-0.00951854432821653
"2946","9/13/18",0.00607334034495932,-0.00165627431680671,-0.00230647230764869,-0.000978658303644186,0.00366668289622396,0.00802581169622263,0.00492430813067979,0.0115587440018903,0.00365070636373543,0.0102584848680658,-0.0016958913962587
"2947","9/14/18",-0.000580447289004637,-0.000829511056261167,-0.00245204330400917,0.00538838915709627,0.00104378776909431,-0.00467866521620663,-0.00633435854900455,0.000939855436475234,0.00572527231436482,-0.00241238640669472,0.00707824923520772
"2948","9/17/18",-0.00836328604764591,-0.0115681535174421,0.00323053288387976,0.000779646751599694,0.00312830982026724,0.00239151427829243,0.00324758846720452,-0.0151223298211304,-0.0010044547792577,-0.00596103016619098,-0.004217117013113
"2949","9/18/18",0.00808235424891457,0.00929554461793214,-0.00441016972024955,0.00808173874607609,0.00163347699857552,-0.00106954221486233,-0.00479568846846912,0.00657336753331772,0.00864827886853625,0.0060533719218967,0.00282327453156461
"2950","9/19/18",-0.000116075576010011,0.000776819675791796,-0.00274230434866496,0.00463637819719853,0.00867309220501311,-0.0219073444797862,-0.0116853686439859,-0.00493524179443694,-0.00212676489684838,-0.00129338067618467,0.0149211123286148
"2951","9/20/18",0.00871587365795823,0.00554381115773617,0.0109991368729778,0.000192265101004452,0.0100684378917102,0.00286283698299306,0.00938575147309306,0.0108210362880117,0.00219798156510387,0.00900899415351186,0.00887663150544094
"2952","9/21/18",-0.00426269816870928,-0.00303231325714048,0.00181313642625369,0.00634425560297802,-0.00385621036034989,0.00386228370052311,-0.000362393449112708,-0.00158594888051677,0.00119629600427773,-0.000334786811220567,-0.00412425903318747
"2953","9/24/18",-0.000348228651310345,-0.00547492466822885,-0.0130855256334176,0.0159208838635621,-0.0116121699221031,-0.00831184781538619,-0.0179577005763666,0.00368026560880819,-0.0115696753925454,0.00340500755358186,-0.00993258390178453
"2954","9/25/18",0.00162526760570092,0.00451785752422085,-0.00659761762998556,0.0053941952369192,-0.00445304704389915,-0.0113905694330757,0.000124725178094032,0.000347302115025094,-0.0026970426846189,-0.00189762712948327,-0.00392332026363484
"2955","9/26/18",0.00139080109723899,0.00222106538688172,0.00107111455116726,-0.0105421178546428,-0.00939315271931418,-0.0100602800832121,-0.0119730009448367,-0.00471199552857104,-0.00223114103770294,0.00111833563227037,-0.0123785544651756
"2956","9/27/18",0.00925926927450793,0.00282542329849256,-0.0022826938509648,0.00180742751934004,-0.00857915854753588,0.00981503679218565,0.00479668881666417,0.00498346870347066,0.000745376719822444,0.00441273313926449,-0.00370319735977531
"2957","9/28/18",-0.00229358043973271,-0.00309376340569123,0.0018589918656462,-0.00189912123451297,-0.00478214087902296,0.0138483057582746,0.0135678278526929,0.00446297754484459,0.000203190973032674,0.0032810779923631,-0.00829164217660727
"2958","10/1/18",-0.00494252018435315,-0.00155167945299695,-0.00171272444278114,0.0139852931796922,0.00762710517349463,-0.00313907106987732,-0.00929592663913881,0.00182658102222688,0.00534781024096698,0.00266055421963785,0.000288291644698457
"2959","10/2/18",0.00346544223556022,-0.0146528626779381,0.00571902354918552,-9.38231448295301e-05,0.00211945710345174,0.011744612513011,-0.00225198548721317,-0.00128122706358957,-6.72543317711272e-05,-0.00281938636721379,-0.000432414933042247
"2960","10/3/18",0.00149644195949517,-0.00270372852750378,-0.00973838815338812,0.00975884655736459,-0.00490967613045057,-0.0112718261499375,-0.0106583038768825,0.00439140066260713,0.00505048838887223,-0.00138598846365856,0.0100922761202225
"2961","10/4/18",-0.0114941728173416,-0.0162666009801273,-0.00294309084877276,-0.00696955282323386,-0.00614853257091497,0.00459420253715392,-0.00836499737104701,-0.017586894210331,-0.0050251091335406,-0.0119913099494773,0.00585226478937617
"2962","10/5/18",-0.0113954279263659,-0.0090140955908099,-0.00151181970819947,-0.000655079094337485,-0.00855422658624361,0.0146510424614479,-0.00051132466305015,-0.0131513281795917,-0.00646474730290991,-0.00140475697004061,-0.00525061759489487
"2963","10/8/18",-0.00341094687617693,-0.000405656028029111,0.013050634561494,9.36386392216271e-05,7.71828241181716e-05,0.00859692025293812,0.0144501839093463,-0.0131239172088755,0.000881177245350973,-0.00264454135307757,0.00542097684566789
"2964","10/9/18",0.00141624357553605,-0.00243436412494114,-0.00249108470039017,0.00936329139391945,-0.0326607086872065,0.00388946857533545,0.00138655576515934,0.00261860182608609,-0.0145594369414476,0.00090257284948092,-0.00312150825985491
"2965","10/10/18",-0.0354743763372163,-0.0347452149557267,-0.0133429422906944,-0.0371985704452957,-0.0261984161853928,-0.00610011257913234,-0.0148539068330757,-0.0464485604601679,-0.0338785452587889,-0.0236738966456693,-0.0271847133912103
"2966","10/11/18",-0.0136852322781336,-0.0164328742531719,-0.02357517460354,-0.0306387402790882,-0.0134106794753739,-0.0202371906335022,-0.0286226702014364,-0.0139634214911153,-0.0218365080054932,-0.0254604911040106,-0.0298463517912387
"2967","10/12/18",0.0178395190475844,0.0197674622140458,0.00636940319864676,0.00447266992959383,0.00323241050359968,-8.46146967645733e-05,-0.00263078829935504,0.0308278614895694,0.0035630811316083,0.0152844396100409,-0.00135730137569923
"2968","10/15/18",-0.000608593721525219,-0.00360082936234141,0.0057403356213821,-0.00593705252314036,-0.0026437715895119,0.00406365472411396,0.00672652262069051,-0.014318835743776,0.00333321478851722,-0.00787727164952046,-0.00302031288299931
"2969","10/16/18",0.0243575086058634,0.0225260941425993,0.0120736968289437,0.00965565042990169,0.0177270601135515,0.0117200224099903,0.0205685221709035,0.0310907881133677,0.0176210547200337,0.0311121595246491,0.0143897375535089
"2970","10/17/18",0.00392356691368123,-0.00642049919534438,0.00484419499737565,-0.00847879440053179,-0.00765107853471658,-0.00150008990077843,-0.00385114308916479,-0.0035352390070561,-0.00645801937585022,0.00410673906942649,0.00836185516525179
"2971","10/18/18",-0.017527359812664,-0.0205121577851538,-0.0026622094249068,-0.00686096969676053,-0.0116469164194632,0.00108507534579561,-0.00193302243218307,-0.0201909604206499,-0.0189286150899394,-0.0115883231516483,-0.0155486049321236
"2972","10/19/18",0.00120535304664759,-0.0104104185706339,0.0217156428449583,-0.00800949053685818,-0.00804986081542325,0.0148407216147675,0.00865082957138696,-0.00287538121361886,-0.0050965591180574,-0.011666519906488,0.00120329668581443
"2973","10/22/18",-0.000722268562075135,0.00452603364473614,-0.00656697749969237,-0.0113040131774779,-0.00686017347477685,-0.0062437949179438,-0.0139529754970836,0.00811703399130503,-0.00226847264542873,-0.00750144054140955,-0.020282519715465
"2974","10/23/18",0.00156621582249183,-0.000121785503129468,0.00248782856377683,-0.0280726897000296,-0.0124672940085458,-0.0068617891208369,0.00441400930721936,-0.00376091656119626,-0.0169430114526705,-0.00486285008798559,-0.00751402663106659
"2975","10/24/18",-0.0498014896157248,-0.0322129176724804,0.00397043486963633,-0.0413822508991988,-0.0360829853063909,0.0209772813111408,0.00943502243094585,-0.0448769248095495,-0.0347682280789288,-0.0355608022535904,-0.0281211724786753
"2976","10/25/18",0.0260792601320412,0.0300762384285902,0.00127117639441843,0.0129286256800909,0.0165487174535006,-0.014920548709096,0.0128042190529865,0.03212151684247,0.00958497016713178,0.0138575700972914,0.0184419027087117
"2977","10/26/18",-0.0264033879284363,-0.0287704841307888,-0.0162222929856232,-0.0080042501730152,-0.00922779926888428,-0.0168018401372138,-0.0240203190564894,-0.0200647788910226,-0.00911127308022486,-0.0104165842451768,-0.0120199350025526
"2978","10/29/18",-0.0131795513767271,-0.0108175746778534,0.0106108966365073,-0.0199542432815744,-0.00395401057823097,0.0127115931037871,0.0126943379724576,-0.0165125233712135,-0.0152216897560975,-0.000608623570967581,0.00853218181165172
"2979","10/30/18",0.0232437559133922,0.0157044364710488,0.0200765568063819,0.0215843132424578,0.0206421636753622,0.00315868419161336,0.0136863504004654,0.0128162598645729,0.0208710586330521,0.0118113392608157,0.0161365254678405
"2980","10/31/18",0.0242218603028266,0.0140219561183066,-0.00897138439593714,0.00609894282388868,0.0113224739623639,-0.0118494534931503,-0.0117349727048274,0.02442392023625,0.0084543504830723,0.00204583819454007,0.0123343097573261
"2981","11/1/18",0.00367607334991882,0.0223470213028569,0.0048420845573427,0.00995892208274363,0.0306810621415559,-0.0030189247251643,0.00472422917156479,0.0137008071216436,0.0184436897787794,0.0174142350837274,0.0054827363814467
"2982","11/2/18",-0.00439501832819778,0.0028380774839929,-0.00251411505196297,-0.00342979197501725,0.000995024133831235,-0.00412141001378574,-0.00826025001994257,-0.0181982601802905,-0.000598618707345233,-0.00619718270227221,-0.000454380329857118
"2983","11/5/18",-0.00232989085251412,-0.00156559232318276,0.0116222457922939,0.0168853184449169,0.00231949599630776,0.0131756406461987,0.0148641189226677,-0.00238462710306941,0.00374390100075805,0.00742365901609654,0.0119714474652235
"2984","11/6/18",0.00565378597743105,0.00512601405202773,0.00553666176468703,0.00211525611614771,0.011818139383974,0.00816941546606875,0.00505050895004744,0.00608459138986439,0.0104437166716447,0.00394983287686834,0.00509141649725353
"2985","11/7/18",0.0171107499540912,0.0257394886584144,0.00488673357836489,0.0166755123504712,0.018949578038858,0.0116586308820814,0.0119347257483062,0.0286732662103191,0.0164637570296795,0.0288901594281032,0.012365949112439
"2986","11/8/18",-0.0117760017272137,-0.000175544727541443,0.000342505826230299,-0.0226305739839104,-0.00593177691312929,-0.00286067962781278,0.000744845960887863,-0.00183731532458331,-0.00239692093977417,0.000171173590323592,0.00426772016008603
"2987","11/9/18",-0.0166585807895812,-0.0151523623319012,0.00527215414207016,-0.00265531439450406,-0.0157246452298476,0.00221312538842011,-0.000124044381919153,-0.0172494999600205,-0.0109937909329686,-0.00627676053209447,-0.00937861706454901
"2988","11/12/18",-0.014220344493213,-0.02085059417454,-0.00524450430696499,-0.0223642363557112,-0.0150744982756523,0.000163623966094262,0.00198513336292594,-0.0344088233110716,-0.0192137353403394,-0.0160206312166145,-0.018195081445193
"2989","11/13/18",-0.00376312479552832,0.000424589255594965,-0.00458747410815263,-0.0245097700370975,-0.0017467730477484,0.00376148981927815,-0.000990650687599959,0.000443328278445287,0.00292711967990522,-0.00665264950051569,0.00482142282577591
"2990","11/14/18",0.00251834857370659,-0.00600352279344463,-0.00509013566833472,-0.00145173441128699,-0.000500021060784062,-0.0100203595720084,-0.00247883629153878,-0.0108575968412448,-0.00306830114055334,-0.00969331326317935,-0.0134953554821253
"2991","11/15/18",0.00590290877771071,0.000121938626651108,-0.00241978293469647,0.0171102242827634,0.0153397947444558,-0.00576036193332674,-0.00683403079114264,0.0250335648872804,0.0138879163924528,0.0113898714961569,0.0144398118725662
"2992","11/16/18",-0.000499305677156392,-0.00488003115091595,0.00291091493715889,0.00923588578002765,0.00648651531566569,0.013573960738364,0.0107594012102779,-0.00142044093650173,-0.00111072895332653,0.00956071637723754,0.00119873042062024
"2993","11/19/18",-0.0242349817848487,-0.0245203559111716,-0.00255690010063869,-0.00108947373870094,-0.0150921697571224,0.00538952943766247,0.00136159948586378,-0.0393938052742516,-0.0157141721859183,-0.0152800172197907,-0.00104752726312385
"2994","11/20/18",-0.0144666492414585,-0.0206749792323259,-0.0161424824302753,-0.0346820235748466,-0.0191335953093004,-0.00527945282596143,-0.0102596834947767,-0.0203337086226499,-0.0209353037831183,-0.0102661227561671,-0.0193259629116426
"2995","11/21/18",0.0116911115507645,0.0106519721732301,-0.00746420630876765,0.0172861395385373,0.0102178854505288,-0.0136359231085991,0.000874306701312388,0.00843014715386237,0.00799944954943599,-0.00244412399297989,0.00168056149455698
"2996","11/23/18",-0.00783252836519333,-0.00342857187387446,0.00347643142580023,-0.032763275357342,-0.0101145362774604,0.0012416043924488,-0.00199643888299839,-0.00668782615230501,-0.0023654004632141,0.00167313543840364,-0.00701550381674099
"2997","11/26/18",0.0191537537483721,0.024209980379883,0.000565510864277918,0.0166494665989367,0.0095423215775996,0.00512612201854989,0.00187530921658974,0.0217076430115504,0.00986684696647711,0.0110966591281154,0.0201197946949574
"2998","11/27/18",0.00368253578554145,-0.000497693546586464,0.00798468954316278,-0.00372712094753858,-0.0138017983493427,0.00690964641284642,0.00424314211820098,0.000795265213211271,-0.00401429411375709,0.0073164559803125,-0.00150561683350603
"2999","11/28/18",0.0218875191443326,0.030682176795126,0.00918347913296524,0.0160979589412586,0.0176421561353279,-8.1722558881836e-05,0.00894748131638856,0.0349095237844095,0.0244867649227245,0.025538889278361,0.017792622568078
"3000","11/29/18",0.00297155797530824,-0.00483061754144176,0.0011112162976028,0.00680573671156592,0.00400062130532675,-0.00245100591474912,0.000246329031490022,-0.0078981212936734,-0.00118766313113683,0.00308425196030915,-0.0072592103482243
"3001","11/30/18",0,0.00576416369455757,0.00797960884760052,-0.00531909758812477,0.00489788820617099,0.0149058291025681,0.00948161455967012,0.00989594637358659,0.010255560031325,0.0101355147117956,0.0061183915362486
"3002","12/3/18",-0.000123498734020178,0.0218991513894939,-6.89332271476273e-05,0.0251782260334155,0.0160264462630046,0.0085539539404802,0.00536706585589086,0.0210763544828034,0.0111078207867092,0.00676445597208031,0.00474633461964569
"3003","12/4/18",-0.0308642797013705,-0.0380187129645159,-0.0179677905000467,-0.0304281914176443,-0.0339052031375653,0.000640060302154355,-0.0148022500307412,-0.0384410351449198,-0.0447434882825097,-0.0254199369988531,-0.0432536952893092
"3004","12/6/18",0.00802547148910526,0.00380489872986378,0.000701105626285337,-0.0209593733856098,-0.0132974891677934,0.00015990866130311,0.0247538308751554,0.00301093782928885,-0.00517914954760679,-0.00367690425600042,-0.0117264251093212
"3005","12/7/18",-0.0189561190276433,-0.0313017288233434,-0.0128896878176926,-0.00515171632673139,-0.0246502453821417,0.00495680627189277,-0.0130993658875649,-0.0345767174149236,-0.0257998678369414,-0.0253143025045861,-0.0177986093910545
"3006","12/10/18",0.00437977310598292,0.00107296569251392,0,-0.0176064015418511,-0.000524638188525661,0.0026253378960297,-0.00645410973894101,0.0132435543026033,0.000314319954169306,0.00366796738089037,-0.0138292647565023
"3007","12/11/18",0.00205210706125758,-0.000693514356108649,0.00844520638990143,-0.0001171451960712,-0.00428732602719373,0.00309450533553357,0.000490330258345884,0.000454595472382913,-0.00542071028621549,0.00294721539080767,-0.00886526705680202
"3008","12/12/18",0.00716758229553749,0.0104725463964448,-0.000703819147692131,0.0049202702619604,0.00940239986688174,-0.00435056248462928,-0.0154354924859033,0.00897476418183074,0.00631915419652995,0.00893334086538,0.0052040635928845
"3009","12/13/18",-0.00564744211495372,-0.00701703017870947,0.00549108126141706,0.00116317794360654,-0.0112833812770091,0.008313830957144,0.00577923293171856,6.20879268751207e-05,-0.00545951833316405,-0.00218649380711711,-0.00809354956434338
"3010","12/14/18",-0.0107692070596319,-0.0179823086241732,-0.0168630660879625,-0.0249969566396487,-0.00805665373671138,-0.0025419271704501,-0.00287926636712066,-0.0233333544700246,-0.0136442981742353,-0.0317572196306419,-0.00985052596683356
"3011","12/17/18",-0.0215137729574119,-0.026985343936213,-0.0241854256755304,-0.0196197129695522,-0.018029317365522,-0.0324918452434942,-0.0376647403021795,-0.0231387158069907,-0.0173716902556054,-0.0220272280979308,-0.0107777206689116
"3012","12/18/18",0.00529798711331342,0.00798994677609977,-0.0102228822420769,-0.023572772053592,0.00636253627020977,-0.00716104779125026,0.0103065138882228,0.00834959386621126,0.00572920592542747,-0.00816786623398846,-0.00502847424396391
"3013","12/19/18",-0.0179183206824701,-0.0203078216480129,-0.00988257230464618,-0.0132025267257734,-0.0138186357031918,-0.0012435980419998,-0.0109763091376127,-0.020319379057231,-0.019042912303433,-0.0149104812772668,-0.0151617643952551
"3014","12/20/18",-0.0167695265972242,-0.0218656050336935,-0.0169606026241136,-0.0277777125274355,-0.0119974748356731,0.00166015074030246,-0.0150149517533834,-0.0170843090026794,-0.0179193952988723,-0.0142495153868513,-0.00786860642081677
"3015","12/21/18",-0.0317914905602437,-0.0265928371465833,-0.0116038729486684,-0.0128440772506767,-0.0106599237393907,-0.00679539352015279,-0.0139182815265649,-0.0309203512112552,-0.0189220859519023,-0.0170894928117137,-0.0187931028385283
"3016","12/24/18",-0.0197294480416493,-0.0196643689374519,-0.0285008873486264,-0.0391662320123812,-0.0251100891990311,-0.0428869069445545,-0.0356231731022653,-0.0257394395546472,-0.0281556715130641,-0.0218315916959123,-0.0207344930219616
"3017","12/26/18",0.0541978452797702,0.061250828593294,0.028382960059171,0.0643913146582,0.0442094480615187,0.0141225837962082,0.0334541857220043,0.0603966058612972,0.0471338765124691,0.0463080562873504,0.0443208352565454
"3018","12/27/18",0.00586394201049578,0.00263266952973185,0.00989567391713941,0.00532262135917505,0.0169350809199387,0.00825234692225396,-0.000134947774572791,0.00822369892252151,0.010999232621367,0.00932428382535599,0.00910652302039994
"3019","12/28/18",0.000406681412314036,0.00356832748338287,-0.00038281510192939,-0.00968493315910934,-0.00588289491538063,0.00136415818301749,0.00323766204834541,-0.00205430094497416,-0.002761744136768,0.00132885292684826,0.00102169896020299
"3020","12/31/18",0.00379457553455165,0.00979471419602529,0.00451821521276119,0.00547659101922515,0.00901315514659351,0.00323540303480918,0.00268922715061204,0.0100503242793182,0.0104901064570972,0.0148499079665945,0.00969547240643576
"3021","1/2/19",0.0130957032439964,0.00737443555338868,-0.00373565198043313,0.0221760969216589,0.00469185253173388,-0.0185860881197129,-0.021724631634928,0.000599317651437614,0.00415249094455028,-0.0133250383454881,0.00758091607518296
"3022","1/3/19",-0.0134594864192488,-0.0210380405564256,-0.00719306229890171,-0.00938841596658757,-0.0260439703400038,0.00112414486200252,0.00699118150727229,-0.0494218935613314,-0.0289471171229225,-0.0225924750158434,-0.0172212599135376
"3023","1/4/19",0.0414696972036264,0.0351657529718168,0.0215045105121023,0.0367570875054499,0.0402950203422696,0.0155480902268432,0.0117070832777844,0.0434838045778521,0.0388382019838664,0.0318311071983644,0.0326642119788603
"3024","1/7/19",0.00933853237119564,0.0244695310810008,-0.000905345036365968,0.0163063107381065,0.00469775103506342,-0.00731476892075422,0.00982235444362711,0.0111727708230793,0.0070509436780013,0.00888551054416031,0.00230642211573162
"3025","1/8/19",0.0169622123606443,0.0116249237298944,0.00951579991678431,0.00850863061944995,0.0112924891775357,0.012938078146965,0.0206528682960245,0.0096159375911018,0.0154685107158474,0.0107301320289386,0.00147927390306202
"3026","1/9/19",-0.00240084965585174,0.00596549323862172,-0.00852847918651201,0.0157887982337526,0.00270438965268838,-0.00676711650543116,-0.00143606968100074,0.012482327399493,0.00769662521387326,0.00392726949795841,0.00558020707496332
"3027","1/10/19",0.00291329139285934,-0.00174782183265054,0.00588544817639991,0.0024917469086243,0.00896119517145122,0.014563119873362,0.0135966308915314,0.00467426654949232,0.0134457617663077,0.00391199250849183,0.00163209693152222
"3028","1/11/19",0.000505192014398581,-6.24632161149163e-05,0.00337559042687352,-0.00627291493742488,-0.0028455775207934,-0.0049525458013937,0.00283759597136912,-0.000581565658328786,-0.00133458648663087,0.00243545859476213,0.00146649869357285
"3029","1/14/19",-0.00479683755622018,-0.00706652062835822,-0.00485942260596373,-0.00273942245324055,-0.0075233838972868,-0.021174312085344,-0.00334407471195253,-0.00989236341733601,-0.00188660280614228,-0.0114188776675913,0.00618285445420752
"3030","1/15/19",0.0147133690984869,0.00957296875586899,0.0093157170123086,0.00501612054185596,-0.00653483807158894,0.013186260240915,0.00954965097424121,0.0147516797896432,-0.00220525761967583,0.0184935489122748,0.00792369689056249
"3031","1/16/19",-0.00424995461534461,-0.000561411664903311,-0.00401943831707341,-0.0015449002967024,0.00570075474434883,0.00374277836153025,0.00703057107617466,0.00104249148785129,0.00236797256951493,-0.00199074908047636,0.0223006532367118
"3032","1/17/19",0.00301281205285786,0.00749012752301037,0.00545543137947435,0.00904547170988823,0.0164820945727093,0.00601696291185494,0.00482358090105173,0.00763714825249773,0.0157493484218716,0.00930843207576437,0.00549278992325197
"3033","1/18/19",0.00625774405700175,0.0115235052814016,0.0115951614004872,0.0201698386652451,0.0159574558860944,0.00101083983302797,0.00341079795511412,0.0148713521167796,0.0189936870020893,0.011258858377561,0.0159200250343532
"3034","1/22/19",-0.0184079209180049,-0.0172107464897941,-0.00955185676340176,-0.0246270283869343,-0.0134267248429593,0.000589095739438772,-0.00302153857920628,-0.0164639223457481,-0.0199330141724692,-0.00781708404179327,-0.0107542502092882
"3035","1/23/19",-0.000126663319187426,0.000872491715958379,0.0105341857197701,-0.0104314427028576,-0.0063340590083647,0.0107653469791518,0.000126240313303994,0.00235854707896421,-0.000698758729452131,-5.96660238016966e-05,0.000776546105810683
"3036","1/24/19",0.00202759342898307,0.00491903109151504,-0.0125533489230262,0.0062289318220965,-0.0032733206517972,0.00549174573413147,0.00340916456387008,0.0102725617659019,0.0058261529307766,-0.00710322155021015,0.00186209912320345
"3037","1/25/19",0.0089793544058907,0.0115868208972967,-0.00223016537435483,0.0135714676673562,0.0194452000092797,-0.0131578668752889,0.0124574318526276,0.0155078425413555,0.0122800079916336,0.00414814425989762,0.0080545710951716
"3038","1/28/19",-0.0101529373118318,-0.00618645485815994,0.0035018782688585,-0.0105708489638494,-0.00127162998677732,-0.00503147272337934,0.00981856103623246,-0.0124741260267648,-0.00877408692666537,-0.0125127271576133,-0.00122930994286119
"3039","1/29/19",-0.0107635107540225,-0.00807393501116949,0.00267302777047074,0.00296771624256387,0.00874288952363167,0.00286558656037528,0.00787696660601744,-0.0100260059320466,0.0124691790083873,0.00357707427908616,-0.0030768796208942
"3040","1/30/19",0.0130567980943423,0.0196346443976405,0.00562804539143102,0.0149130112300004,0.0122013004111536,0.00638706765285701,0.00805964708772011,0.028723346682386,0.0145203197364689,0.0147405375028813,0.00354936501784731
"3041","1/31/19",0.0347485188621468,0.00975006148610924,0.0184093221785839,0.00454805797986535,-0.00972647785167113,0.0205427923742754,0.0104178707018643,0.00205806317539636,0.00464600147149508,0.0128594095246324,-0.00123025516379915
"3042","2/1/19",-0.00122109843983964,-0.0134579807015033,-0.00339831615750996,0.0167170541708697,0.00377765583127587,-0.00343666103027274,-0.00635416111230902,0.00677178837405168,0.00216299674673115,0.00146946276916049,0.0052348739235224
"3043","2/4/19",0.00855840885657644,0.00636201776339052,0.00631209413509981,0.00331121718184368,-0.000669046087216407,0.00164215742654505,0.00748072543670242,0.0157128040667007,0.012578244720421,-0.00152607259727977,0.00551392476988566
"3044","2/5/19",0.00618264153971526,0.00930025595207651,7.2109798471276e-05,0.000113795960266394,0.0066114172959828,0.00131159195237074,0.00574851027146384,0.00825058392571765,0.00779118306562232,-0.000999258945803327,-0.00182800835829
"3045","2/6/19",-0.0144578562486014,-0.00463735955846856,0.000720915536640776,-0.00739638870876813,-0.00515457519645401,-0.00253789517622272,-0.00654919686329525,0.00349925079192803,-0.000437529296186456,0.00370700529651113,-0.0012207455080343
"3046","2/7/19",-0.00904648426614363,-0.00919704730290205,-0.00194515372747928,-0.0237304140703418,-0.0144576795125827,0.0133782003749983,0.00827044782681408,-0.0135192720299266,-0.00736967768985719,-0.0118419956511416,-0.00687552596933327
"3047","2/8/19",0.00407105984728617,-0.00488549966588658,0.00534148260121681,-0.004696972944639,-0.000678350201332667,0.0055074487779867,0,0.00647165916607695,0.00117614081877115,0.00160186114322047,-0.00523061491664933
"3048","2/11/19",-0.00479167905137512,0.00325246172228533,0.00287186082215052,0.00578095192954575,0.00288499650757079,-0.00104715398896371,0.00273413900536412,0.000540250517012675,0.00616739138960321,0.000118515626176707,0.00371165120039074
"3049","2/12/19",0.0128394770476885,0.0158429695654336,0.00773190875422114,0.0123167738778651,0.0216600320937155,0.00137075003137621,-0.00628335005130609,0.013555097432109,0.0158349207094188,0.0136214534615375,0.0143297374331084
"3050","2/13/19",-0.0012188657953337,0.00511827717337288,0.00319703779126113,0.012977874849385,0.0020704248461898,-0.00241563361201369,0.00513006046444353,0.00154521930745433,0.00617768471794755,0.0028630030802097,0.00212670251366887
"3051","2/14/19",0.00170852876950112,-0.00395399346938008,-0.0111890021901166,0.00411811132495932,-0.00404956451356253,-0.00137219648337961,0.00320463754233713,0.00234083403742247,-0.00435493191219405,0.00238878626475203,-0.0106110224501033
"3052","2/15/19",0.00767536978661076,0.00631542924481332,0.00895223468526618,0.0170881114677464,0.012613036788206,0.00436470421707469,0.00674399685185767,0.00764295259934178,0.0139106681690717,0.0148212627475288,0.0200705282060831
"3053","2/19/19",0.00302266854253874,0.00436316176704832,0.00489779813621349,0.00380833106001521,0.00712937051776752,0.00563330310094412,-0.000234974053192616,0.000790017211995009,0.000212131005092431,-0.00286368491818279,0.00330436065090067
"3054","2/20/19",-0.000602680515535359,0.00166636576325208,-0.000635817242127468,0.00468646246047189,0.0175752803739091,0.00456150136893574,-0.00623015830545537,0.00142107314281348,0.00516170476795308,-0.00120627745678648,0.00613767807165044
"3055","2/21/19",-0.00904593726499092,-0.00255468875179221,0.00268593175827925,-0.0166592895834144,-0.00455782969907081,0.00716960616383799,0.000946261092841238,-0.00021026281592107,-0.0037986018469619,-0.00885609329339021,-0.00505872637330751
"3056","2/22/19",0.00815477653423313,0.00649228493707898,-0.00331314096221469,0.00304945690469682,0.00425737214364164,0.00672307242033576,0.00590879967717872,0.0133523112844454,0.00649625955796052,0.00945743642677344,-0.000598149030981432
"3057","2/25/19",-0.00313897345655878,-0.00213046061573019,-0.0055166447824081,0.000900800049601136,0.00535918668049229,-0.00675679151736652,-0.00787126967165164,0.0046687810355337,0.00308682983180475,0.00367860094315819,0.00299262540945189
"3058","2/26/19",-0.00254324556558305,0.000533799855726658,0.000355644267707733,-0.00449996936155861,-0.0064444563007795,-0.00237295909401491,-0.00307867084014357,0.00160063273952105,-0.00391666780297983,-0.00418054183418004,-0.00328216195984155
"3059","2/27/19",-0.000485686054052525,0.00177816566820832,-0.000995334142949389,0.00418131464615268,0,0.00190290670066862,-0.00498885525648085,0,0.00315973361435429,-0.00247277062042861,0.00374192450810207
"3060","2/28/19",-0.00157921018755103,-0.00485174774304686,0.00419860186728793,-0.00956559500219056,-0.0130525519058456,0.00466916554094432,0.00262632077532921,-0.00319622717695434,-0.00293973430372385,-0.00311312281566123,-0.00134194734582438
"3061","3/1/19",0.00997684136454158,0.0078482674999012,-0.0010629243976783,0.0181797520394631,0.000811377881772213,0.00228435793023252,-0.00309553218492264,0.00641295160411026,0.00259747030604585,0.0153828040342328,0.00522610878266061
"3062","3/4/19",-0.000722824464652772,-0.00371660743241886,-0.00198643169603696,0.00234344773551021,0.00308066300743648,0.00290794441620057,0.00453832107284025,-0.00575542242579885,-0.00574151902294362,-0.0139537404108186,-0.00579319386722299
"3063","3/5/19",0.00542499619656356,0.00136196918598364,0,-0.00311731420141825,-0.00396027924523801,-0.00250766561842786,0.00273446423585466,-0.0033595250481675,-0.00633805177313529,-0.00132851502832854,-0.00328696075037216
"3064","3/6/19",-0.000719444335009478,-0.00668209054350755,-0.00241683333842124,-0.0147420576988919,-0.00227195280172343,-0.000628498389100396,-0.00462412496379172,-0.00648240008670642,-0.00949692534558011,-0.017524603872765,-0.0094438795358982
"3065","3/7/19",-0.00743938213776618,-0.0130968262696168,-0.00555791954610341,-0.0057809916284256,-0.00967797276120586,0.00345885566950566,-0.00214417975454784,-0.00866477186461889,-0.00722655497085167,-0.00688757760260406,-0.0111986591493619
"3066","3/8/19",-0.00193430151545049,-0.00536852395597898,0.000143323686002672,-0.0201801552352497,0.000328512273944925,0.00399532528695623,0.00107448975262403,0.000105327793942012,-0.00266662023406206,-0.00207459569952961,0
"3067","3/11/19",0.0173208156154858,0.0148583446418133,0.0135405953321361,0.0165231844096159,0.0153518041296525,0.0074906018181744,0.0146672062472983,0.0219542654515479,0.0101169869162256,0.0134243814431989,0.00979511646840225
"3068","3/12/19",0.00607212827322501,0.0013147197788248,-0.000706850924768965,0.00835616619698643,0.00210219114946963,0.0060408598798054,0.00458344990107462,0.00494570353960544,-0.00765480005630359,0.00756102372636702,0.00136391290061355
"3069","3/13/19",0.00284024404338101,0.00381947512422487,0.00622477624157081,0.0110115219246216,0.00338875030871288,0.000692963728688989,0.00491339070074237,0.00625411057172109,0.00850683267225438,0.0107039984286541,0.00696229341237387
"3070","3/14/19",-0.00354018486385577,-0.00410224749803989,-0.00161676771332353,0.00123508643116543,-0.00908653993431463,-0.00115401835855655,0.00151335131492747,0.00198681502894393,-0.00386012735777297,-0.00224475225558718,0.00420863779331726
"3071","3/15/19",0,0.00459675359073008,0.00506964226419115,-0.00145783676311095,0.00251564699494367,0.00446701680158323,-0.00313833240165418,0.0112365864399666,-0.00136344098187013,0.0054802390291504,0.00553808860580562
"3072","3/18/19",-0.00663205152320934,0.00968632458071106,0.00294237805588349,0.0158355244935253,0.00356160076423895,-0.00253025216876102,-0.0050140000415263,0.00382118266476161,0.00883867553237061,-0.00109009126171955,0.0101220908017814
"3073","3/19/19",-0.000119089865377231,0.00300156169854504,-0.00188593685112115,-0.00386952992241929,-0.00177451280451824,-0.012068552427592,-0.00304701507578209,0.00240427390121356,-0.00448755841496895,0.00723678099886138,-0.00884171155977287
"3074","3/20/19",0.00763084070128417,0.00111484406930829,-0.00517886452504945,0.0105439004180201,-0.00202000452268658,0.00287892760705,0.00305632775252063,-0.00304806984335682,-0.0073697429949342,-0.00632953778522871,-0.0217068036798329
"3075","3/21/19",0.00979085796376244,0.0134503910542305,0.0122205632561347,0.00715838131645175,0.0121279412034927,0.0112157958497794,0.0178130982792786,0.0249191943632623,0.0107647423783914,0.00529017546416144,-0.00246027712106234
"3076","3/22/19",-0.0136166565649336,-0.0213370903847794,-0.00279472497747768,-0.0283423270168333,-0.0319054970666239,0.0058741225122072,-0.00725378785528752,-0.0254071408326678,-0.0255142121802782,-0.0207387824141353,-0.028952206325861
"3077","3/25/19",-0.00130906820551069,0.00550985270791493,0.00245222454851057,-0.000678326761277215,-0.000415034039639939,0.00130627786465576,0.00127575827981308,-0.00407648722813014,0.00323602998281936,-0.000762671563189543,-0.00236625654466416
"3078","3/26/19",0.00464728323754238,0.00465469005034946,0.00831703930224981,0.0149338162114923,0.00589651172173355,0.00667634880939816,0.00799253358065855,0.00581127902274647,0.0072574589177492,0.00651676150394209,0.0126502051660278
"3079","3/27/19",-0.00687931459801483,-0.00123155243773243,-0.0040202535795314,-0.00679969910600486,-0.000990777716542768,-0.00609839947163271,-0.00287287750539555,-0.00628014491539897,0.000655101920892465,-0.00939104048773864,-0.0034353684660311
"3080","3/28/19",-0.00453845678233167,0.00786844378387941,0.00396682435845475,0.00381598212830503,0.00966940495867785,-0.0115816071643809,0.00970354260630435,0.00419638014750312,0.00836420072862754,0.00365068004886426,0.00893135380758392
"3081","3/29/19",0.00203958013292338,0.00448616292522819,0.00658541545076297,-0.000670896675516675,0.00753047405304863,0.005664708840875,-0.000919576984011461,0.0101198774071061,0.0090882502098113,0.0119096452668168,0.00232958537551764
